0.000007 0.000078
0.000009 0.000099
0.000008 0.000087
0.000007 0.000084
0.000008 0.000086
0.000007 0.000079
0.000008 0.000084
0.000010 0.000106
0.000010 0.000106
0.000011 0.000117
0.000010 0.000105
0.000013 0.000135
0.000013 0.000131
0.000013 0.000135
0.000014 0.000139
0.000016 0.000163
0.000015 0.000156
0.000017 0.000173
0.000017 0.000174
0.000019 0.000195
0.000019 0.000184
0.000020 0.000201
0.000018 0.000188
0.000020 0.000212
0.000016 0.000162
0.000017 0.000174
0.000016 0.000165
0.000016 0.000164
0.000011 0.000114
0.000010 0.000101
0.000010 0.000097
0.000011 0.000095
0.000009 0.000083
0.000008 0.000069
0.000009 0.000072
0.000007 0.000052
0.000009 0.000074
0.000009 0.000082
0.000008 0.000070
0.000005 0.000048
0.000008 0.000061
0.000007 0.000051
0.000007 0.000040
0.000013 0.000063
0.000006 0.000055
0.000013 0.000073
0.000024 0.000132
0.000022 0.000176
0.000019 0.000181
0.000002 0.000025
0.000000 0.000010
0.000001 0.000034
0.000026 0.000224
0.000065 0.000583
0.000060 0.000392
0.989638 0.958367
0.000543 0.000718
0.000002 0.000021
0.000005 0.000021
0.000001 0.000015
0.000002 0.000028
0.000005 0.000075
0.000020 0.000151
0.000003 0.000197
0.000023 0.000164
0.000007 0.000078
0.000004 0.000049
0.000022 0.000380
0.000010 0.000221
0.000009 0.000200
0.000012 0.000257
0.000015 0.000384
0.000029 0.000373
0.000010 0.000157
0.000008 0.000149
0.000004 0.000091
0.000006 0.000110
0.000006 0.000129
0.000002 0.000048
0.000002 0.000038
0.000002 0.000025
0.000003 0.000045
0.000002 0.000024
0.000001 0.000015
0.000001 0.000012
0.000001 0.000015
0.000001 0.000012
0.000001 0.000011
0.000002 0.000017
0.000002 0.000016
0.000002 0.000019
0.000002 0.000018
0.000003 0.000030
0.000003 0.000025
0.000004 0.000032
0.000003 0.000028
0.000004 0.000038
0.000003 0.000027
0.000003 0.000030
0.000003 0.000025
0.000002 0.000022
0.000003 0.000031
0.000003 0.000028
0.000003 0.000036
0.000003 0.000034
0.000003 0.000032
0.000003 0.000030
0.000004 0.000042
0.000004 0.000040
0.000005 0.000048
0.000004 0.000043
0.000005 0.000051
0.000005 0.000049
0.000004 0.000045
0.000004 0.000045
0.000004 0.000050
0.000005 0.000052
0.000005 0.000055
0.000005 0.000058
0.000005 0.000060
0.000005 0.000061
0.000006 0.000064
0.000005 0.000059
0.000005 0.000061
0.000006 0.000060
0.000006 0.000062
0.000005 0.000058
0.000005 0.000055
0.000005 0.000054
0.000005 0.000054
0.000005 0.000054
0.000005 0.000051
0.000005 0.000054
0.000005 0.000055
0.000005 0.000056
0.000005 0.000048
0.000005 0.000049
0.000004 0.000045
0.000005 0.000049
0.000004 0.000044
0.000004 0.000046
0.000004 0.000042
0.000004 0.000047
0.000004 0.000039
0.000004 0.000043
0.000004 0.000038
0.000004 0.000040
0.000003 0.000030
0.000003 0.000031
0.000003 0.000025
0.000001 0.000011
0.000002 0.000016
0.000002 0.000015
0.000002 0.000023
0.000003 0.000024
0.000003 0.000024
0.000003 0.000024
0.000005 0.000035
0.000004 0.000037
0.000004 0.000042
0.000003 0.000034
0.000003 0.000041
0.000003 0.000044
0.000004 0.000051
0.000005 0.000053
0.000006 0.000067
0.000008 0.000082
0.000012 0.000110
0.000013 0.000111
0.000009 0.000090
0.000008 0.000080
0.000009 0.000086
0.000010 0.000090
0.000015 0.000121
0.000013 0.000111
0.000012 0.000116
0.000009 0.000109
0.000008 0.000103
0.000008 0.000088
0.000007 0.000073
0.000006 0.000059
0.000006 0.000053
0.000006 0.000057
0.000009 0.000061
0.000010 0.000070
0.000008 0.000061
0.000008 0.000070
0.000008 0.000074
0.000006 0.000065
0.000005 0.000052
0.000005 0.000055
0.000005 0.000055
0.000009 0.000079
0.000009 0.000070
0.000009 0.000069
0.000007 0.000059
0.000007 0.000062
0.000005 0.000046
0.000004 0.000040
0.000003 0.000034
0.000001 0.000017
0.000002 0.000024
0.000002 0.000026
0.000003 0.000039
0.000004 0.000046
0.000005 0.000053
0.000007 0.000063
0.000012 0.000094
0.000015 0.000107
0.000020 0.000133
0.000021 0.000134
0.000027 0.000169
0.000029 0.000186
0.000027 0.000187
0.000026 0.000194
0.000026 0.000207
0.000027 0.000222
0.000031 0.000262
0.000037 0.000298
0.000041 0.000343
0.000051 0.000430
0.000060 0.000537
0.000051 0.000496
0.000047 0.000492
0.000039 0.000453
0.000039 0.000476
0.000033 0.000461
0.000029 0.000447
0.000025 0.000431
0.000018 0.000375
0.000014 0.000306
0.000011 0.000242
0.000009 0.000198
0.000007 0.000149
0.000006 0.000122
0.000005 0.000100
0.000006 0.000101
0.000005 0.000085
0.000006 0.000087
0.000006 0.000082
0.000008 0.000093
0.000008 0.000095
0.000013 0.000129
0.000014 0.000126
0.000022 0.000177
0.000024 0.000184
0.000030 0.000213
0.000023 0.000147
0.000026 0.000150
0.000024 0.000121
0.000017 0.000094
0.000024 0.000132
0.000020 0.000129
0.000027 0.000192
0.000026 0.000203
0.000023 0.000216
0.000023 0.000228
0.000032 0.000334
0.000030 0.000342
0.000028 0.000359
0.000021 0.000271
0.000022 0.000293
0.000020 0.000256
0.000019 0.000222
0.000017 0.000193
0.000014 0.000163
0.000011 0.000130
0.000009 0.000114
0.000008 0.000102
0.000008 0.000099
0.000008 0.000101
0.000010 0.000118
0.000011 0.000127
0.000013 0.000144
0.000014 0.000153
0.000014 0.000161
0.000014 0.000154
0.000011 0.000129
0.000010 0.000111
0.000007 0.000083
0.000006 0.000068
0.000005 0.000057
0.000006 0.000056
0.000006 0.000058
0.000006 0.000061
0.000005 0.000054
0.000006 0.000059
0.000006 0.000058
0.000006 0.000060
0.000005 0.000052
0.000006 0.000055
0.000006 0.000051
0.000007 0.000059
0.000006 0.000053
0.000007 0.000062
0.000007 0.000058
0.000007 0.000061
0.000005 0.000045
0.000004 0.000043
0.000004 0.000037
0.000001 0.000017
0.000002 0.000023
0.000002 0.000022
0.000002 0.000027
0.000002 0.000029
0.000002 0.000025
0.000002 0.000025
0.000003 0.000034
0.000003 0.000029
0.000003 0.000035
0.000003 0.000030
0.000004 0.000041
0.000004 0.000039
0.000004 0.000038
0.000003 0.000036
0.000004 0.000039
0.000004 0.000040
0.000005 0.000043
0.000006 0.000050
0.000006 0.000055
0.000008 0.000067
0.000009 0.000075
0.000009 0.000077
0.000009 0.000077
0.000009 0.000083
0.000010 0.000087
0.000009 0.000084
0.000007 0.000071
0.000005 0.000060
0.000004 0.000050
0.000004 0.000047
0.000004 0.000044
0.000004 0.000042
0.000004 0.000045
0.000004 0.000044
0.000003 0.000037
0.000003 0.000038
0.000003 0.000033
0.000003 0.000035
0.000002 0.000029
0.000003 0.000031
0.000002 0.000028
0.000003 0.000033
0.000002 0.000027
0.000003 0.000031
0.000003 0.000029
0.000004 0.000035
0.000003 0.000029
0.000004 0.000035
0.000005 0.000032
0.000003 0.000021
0.000004 0.000033
0.000005 0.000034
0.000007 0.000052
0.000008 0.000063
0.000009 0.000074
0.000012 0.000097
0.000023 0.000177
0.000025 0.000198
0.000032 0.000247
0.000034 0.000249
0.000047 0.000330
0.000047 0.000321
0.000043 0.000295
0.000040 0.000285
0.000040 0.000296
0.000037 0.000279
0.000037 0.000289
0.000035 0.000290
0.000036 0.000315
0.000037 0.000331
0.000039 0.000370
0.000035 0.000357
0.000035 0.000362
0.000033 0.000357
0.000031 0.000378
0.000028 0.000376
0.000025 0.000361
0.000023 0.000335
0.000019 0.000288
0.000016 0.000246
0.000013 0.000198
0.000011 0.000166
0.000009 0.000136
0.000008 0.000111
0.000006 0.000081
0.000005 0.000068
0.000004 0.000054
0.000003 0.000049
0.000003 0.000038
0.000003 0.000036
0.000002 0.000031
0.000003 0.000035
0.000002 0.000028
0.000003 0.000032
0.000003 0.000031
0.000003 0.000034
0.000003 0.000026
0.000002 0.000024
0.000002 0.000020
0.000001 0.000010
0.000001 0.000014
0.000001 0.000014
0.000002 0.000017
0.000002 0.000018
0.000002 0.000018
0.000002 0.000020
0.000004 0.000030
0.000004 0.000033
0.000005 0.000041
0.000005 0.000040
0.000006 0.000054
0.000006 0.000057
0.000006 0.000055
0.000006 0.000055
0.000006 0.000059
0.000007 0.000066
0.000007 0.000073
0.000008 0.000077
0.000008 0.000083
0.000009 0.000088
0.000011 0.000097
0.000010 0.000092
0.000011 0.000100
0.000011 0.000106
0.000010 0.000106
0.000010 0.000103
0.000009 0.000095
0.000009 0.000093
0.000007 0.000081
0.000006 0.000074
0.000005 0.000062
0.000006 0.000067
0.000006 0.000062
0.000007 0.000067
0.000006 0.000061
0.000005 0.000058
0.000006 0.000061
0.000005 0.000057
0.000005 0.000054
0.000005 0.000052
0.000003 0.000043
0.000004 0.000048
0.000003 0.000033
0.000003 0.000036
0.000002 0.000028
0.000002 0.000029
0.000002 0.000019
0.000002 0.000019
0.000002 0.000016
0.000001 0.000009
0.000001 0.000013
0.000001 0.000015
0.000002 0.000020
0.000002 0.000023
0.000003 0.000025
0.000003 0.000029
0.000004 0.000040
0.000004 0.000041
0.000005 0.000050
0.000005 0.000044
0.000006 0.000055
0.000006 0.000055
0.000006 0.000053
0.000006 0.000052
0.000007 0.000058
0.000007 0.000061
0.000008 0.000065
0.000008 0.000069
0.000007 0.000070
0.000007 0.000072
0.000007 0.000076
0.000006 0.000070
0.000007 0.000076
0.000007 0.000081
0.000007 0.000086
0.000008 0.000092
0.000008 0.000089
0.000008 0.000085
0.000008 0.000078
0.000007 0.000068
0.000006 0.000061
0.000006 0.000055
0.000005 0.000051
0.000005 0.000051
0.000004 0.000044
0.000005 0.000048
0.000004 0.000046
0.000005 0.000053
0.000005 0.000047
0.000005 0.000049
0.000005 0.000046
0.000005 0.000051
0.000004 0.000038
0.000004 0.000041
0.000004 0.000036
0.000004 0.000039
0.000003 0.000027
0.000003 0.000028
0.000003 0.000024
0.000001 0.000014
0.000002 0.000019
0.000002 0.000019
0.000003 0.000025
0.000003 0.000026
0.000002 0.000025
0.000003 0.000026
0.000004 0.000037
0.000003 0.000035
0.000004 0.000042
0.000003 0.000037
0.000004 0.000047
0.000004 0.000046
0.000004 0.000045
0.000004 0.000045
0.000005 0.000052
0.000005 0.000054
0.000005 0.000056
0.000005 0.000056
0.000005 0.000056
0.000005 0.000055
0.000006 0.000058
0.000005 0.000053
0.000006 0.000057
0.000006 0.000059
0.000006 0.000063
0.000006 0.000064
0.000006 0.000060
0.000005 0.000057
0.000005 0.000051
0.000005 0.000050
0.000004 0.000045
0.000004 0.000045
0.000004 0.000044
0.000004 0.000045
0.000003 0.000038
0.000004 0.000040
0.000003 0.000036
0.000003 0.000038
0.000003 0.000034
0.000003 0.000034
0.000003 0.000032
0.000003 0.000036
0.000002 0.000025
0.000002 0.000023
0.000002 0.000020
0.000002 0.000022
0.000001 0.000017
0.000001 0.000016
0.000002 0.000014
0.000001 0.000007
0.000001 0.000010
0.000001 0.000010
0.000002 0.000014
0.000002 0.000015
0.000001 0.000015
0.000001 0.000015
0.000002 0.000018
0.000002 0.000017
0.000002 0.000026
0.000003 0.000028
0.000003 0.000034
0.000005 0.000044
0.000005 0.000053
0.000009 0.000074
0.000014 0.000111
0.000019 0.000143
0.000061 0.000312
0.000034 0.000219
0.000022 0.000171
0.000014 0.000116
0.000012 0.000123
0.000009 0.000086
0.000007 0.000071
0.000007 0.000076
0.000010 0.000095
0.000010 0.000099
0.000008 0.000080
0.000008 0.000080
0.000007 0.000076
0.000005 0.000060
0.000003 0.000037
0.000003 0.000034
0.000003 0.000033
0.000003 0.000033
0.000003 0.000031
0.000003 0.000034
0.000003 0.000035
0.000003 0.000036
0.000004 0.000036
0.000004 0.000039
0.000004 0.000036
0.000004 0.000033
0.000002 0.000022
0.000002 0.000022
0.000002 0.000018
0.000002 0.000019
0.000002 0.000015
0.000002 0.000017
0.000002 0.000015
0.000001 0.000010
0.000002 0.000016
0.000002 0.000016
0.000002 0.000022
0.000003 0.000025
0.000003 0.000026
0.000003 0.000028
0.000005 0.000041
0.000005 0.000045
0.000007 0.000059
0.000005 0.000054
0.000006 0.000069
0.000007 0.000076
0.000008 0.000080
0.000008 0.000079
0.000009 0.000082
0.000010 0.000088
0.000013 0.000098
0.000015 0.000112
0.000018 0.000128
0.000022 0.000150
0.000025 0.000179
0.000028 0.000198
0.000030 0.000218
0.000031 0.000232
0.000029 0.000235
0.000026 0.000223
0.000023 0.000206
0.000019 0.000178
0.000014 0.000140
0.000010 0.000111
0.000009 0.000095
0.000009 0.000091
0.000006 0.000073
0.000005 0.000067
0.000004 0.000049
0.000004 0.000047
0.000004 0.000043
0.000004 0.000045
0.000004 0.000041
0.000005 0.000045
0.000004 0.000042
0.000005 0.000049
0.000004 0.000039
0.000005 0.000047
0.000005 0.000041
0.000005 0.000047
0.000004 0.000035
0.000004 0.000038
0.000004 0.000031
0.000002 0.000020
0.000004 0.000029
0.000004 0.000030
0.000005 0.000042
0.000006 0.000046
0.000006 0.000046
0.000006 0.000051
0.000009 0.000077
0.000009 0.000077
0.000009 0.000089
0.000007 0.000080
0.000008 0.000098
0.000007 0.000092
0.000006 0.000083
0.000006 0.000082
0.000008 0.000096
0.000008 0.000098
0.000009 0.000104
0.000010 0.000098
0.000010 0.000102
0.000011 0.000103
0.000012 0.000108
0.000011 0.000097
0.000013 0.000105
0.000014 0.000109
0.000014 0.000113
0.000012 0.000106
0.000011 0.000102
0.000011 0.000098
0.000010 0.000089
0.000010 0.000084
0.000009 0.000075
0.000009 0.000075
0.000009 0.000074
0.000009 0.000079
0.000007 0.000065
0.000007 0.000070
0.000006 0.000063
0.000006 0.000066
0.000005 0.000054
0.000005 0.000057
0.000004 0.000050
0.000004 0.000051
0.000004 0.000044
0.000004 0.000045
0.000004 0.000042
0.000003 0.000041
0.000002 0.000028
0.000002 0.000028
0.000002 0.000024
0.000001 0.000015
0.000002 0.000019
0.000002 0.000018
0.000002 0.000022
0.000002 0.000024
0.000002 0.000024
0.000003 0.000027
0.000005 0.000044
0.000005 0.000049
0.000007 0.000065
0.000007 0.000062
0.000008 0.000080
0.000007 0.000074
0.000006 0.000067
0.000006 0.000065
0.000006 0.000069
0.000006 0.000070
0.000006 0.000073
0.000007 0.000076
0.000007 0.000080
0.000008 0.000084
0.000009 0.000096
0.000009 0.000092
0.000010 0.000098
0.000010 0.000100
0.000009 0.000097
0.000008 0.000084
0.000007 0.000073
0.000007 0.000064
0.000006 0.000057
0.000006 0.000055
0.000005 0.000049
0.000005 0.000049
0.000005 0.000050
0.000005 0.000052
0.000004 0.000045
0.000005 0.000050
0.000004 0.000046
0.000004 0.000049
0.000004 0.000042
0.000004 0.000041
0.000003 0.000035
0.000003 0.000038
0.000002 0.000028
0.000003 0.000030
0.000002 0.000026
0.000002 0.000028
0.000002 0.000020
0.000002 0.000021
0.000002 0.000018
0.000001 0.000010
0.000001 0.000014
0.000001 0.000014
0.000002 0.000017
0.000002 0.000018
0.000002 0.000018
0.000002 0.000019
0.000003 0.000027
0.000003 0.000026
0.000003 0.000031
0.000003 0.000028
0.000005 0.000040
0.000005 0.000043
0.000005 0.000046
0.000006 0.000051
0.000007 0.000062
0.000008 0.000069
0.000009 0.000079
0.000009 0.000079
0.000009 0.000084
0.000010 0.000087
0.000011 0.000094
0.000011 0.000090
0.000012 0.000093
0.000010 0.000085
0.000010 0.000083
0.000009 0.000080
0.000008 0.000073
0.000007 0.000068
0.000006 0.000064
0.000006 0.000064
0.000006 0.000063
0.000006 0.000064
0.000006 0.000062
0.000006 0.000063
0.000005 0.000054
0.000005 0.000054
0.000005 0.000049
0.000005 0.000051
0.000004 0.000044
0.000005 0.000048
0.000005 0.000047
0.000006 0.000055
0.000005 0.000043
0.000006 0.000048
0.000005 0.000044
0.000005 0.000043
0.000003 0.000029
0.000003 0.000026
0.000002 0.000019
0.000001 0.000009
0.000001 0.000012
0.000001 0.000011
0.000001 0.000013
0.000001 0.000015
0.000002 0.000018
0.000002 0.000021
0.000003 0.000031
0.000004 0.000032
0.000004 0.000039
0.000004 0.000035
0.000004 0.000041
0.000004 0.000039
0.000004 0.000036
0.000004 0.000039
0.000005 0.000043
0.000005 0.000047
0.000005 0.000044
0.000004 0.000039
0.000005 0.000042
0.000005 0.000041
0.000006 0.000051
0.000006 0.000051
0.000008 0.000062
0.000009 0.000082
0.000010 0.000095
0.000011 0.000100
0.000011 0.000101
0.000013 0.000108
0.000011 0.000107
0.000013 0.000127
0.000015 0.000138
0.000020 0.000171
0.000027 0.000212
0.000038 0.000282
0.000046 0.000303
0.000071 0.000424
0.000073 0.000423
0.000079 0.000458
0.000065 0.000401
0.000054 0.000369
0.000041 0.000296
0.000039 0.000282
0.000024 0.000183
0.000022 0.000172
0.000017 0.000142
0.000019 0.000169
0.000018 0.000167
0.000021 0.000224
0.000019 0.000220
0.000008 0.000105
0.000007 0.000112
0.000005 0.000083
0.000005 0.000085
0.000004 0.000075
0.000005 0.000071
0.000005 0.000069
0.000009 0.000102
0.000011 0.000115
0.000013 0.000141
0.000012 0.000121
0.000014 0.000127
0.000013 0.000116
0.000012 0.000097
0.000011 0.000089
0.000012 0.000091
0.000012 0.000089
0.000015 0.000098
0.000016 0.000105
0.000018 0.000126
0.000023 0.000161
0.000026 0.000208
0.000026 0.000224
0.000026 0.000245
0.000026 0.000265
0.000020 0.000233
0.000016 0.000200
0.000012 0.000165
0.000011 0.000149
0.000009 0.000115
0.000006 0.000089
0.000005 0.000073
0.000005 0.000066
0.000004 0.000058
0.000004 0.000058
0.000004 0.000047
0.000004 0.000047
0.000004 0.000045
0.000004 0.000047
0.000004 0.000039
0.000004 0.000040
0.000004 0.000036
0.000004 0.000040
0.000003 0.000032
0.000004 0.000037
0.000004 0.000035
0.000004 0.000039
0.000003 0.000028
0.000003 0.000029
0.000003 0.000023
0.000001 0.000010
0.000001 0.000014
0.000001 0.000012
0.000001 0.000015
0.000002 0.000015
0.000002 0.000015
0.000001 0.000011
0.000002 0.000016
0.000001 0.000016
0.000002 0.000019
0.000001 0.000012
0.000001 0.000017
0.000001 0.000016
0.000001 0.000015
0.000001 0.000011
0.000001 0.000014
0.000001 0.000013
0.000002 0.000014
0.000001 0.000010
0.000001 0.000011
0.000002 0.000012
0.000002 0.000010
0.000002 0.000011
0.000001 0.000009
0.000002 0.000010
0.000002 0.000012
0.000003 0.000016
0.000004 0.000020
0.000002 0.000014
0.000003 0.000016
0.000001 0.000009
0.000005 0.000042
0.000006 0.000040
0.000005 0.000065
0.000012 0.000121
0.000001 0.000021
0.000000 0.000020
0.000001 0.000018
0.000003 0.000092
0.000021 0.000469
0.000020 0.000376
0.960248 0.839090
0.000787 0.001207
0.000003 0.000048
0.000004 0.000035
0.000002 0.000025
0.000045 0.000179
0.000053 0.000324
0.000099 0.000367
0.000088 0.000513
0.000270 0.000851
0.000131 0.000529
0.000102 0.000499
0.000215 0.002237
0.000361 0.003660
0.000604 0.010041
0.057456 0.086341
0.045558 0.103358
0.040744 0.084381
0.042233 0.065112
0.071993 0.109791
0.038889 0.042907
0.024915 0.044032
0.010609 0.020677
0.003151 0.019534
0.006039 0.035559
0.002147 0.014888
0.000928 0.006576
0.000714 0.009886
0.000508 0.005036
0.000201 0.002434
0.000233 0.001456
0.000252 0.001293
0.000223 0.001182
0.000255 0.001908
0.000325 0.002446
0.000843 0.005525
0.001213 0.009029
0.000855 0.008196
0.000538 0.005809
0.000306 0.004740
0.000081 0.001277
0.000141 0.001304
0.000106 0.000783
0.000135 0.001138
0.000137 0.001608
0.000174 0.002582
0.000158 0.002742
0.000155 0.002990
0.000093 0.001417
0.000106 0.001199
0.000159 0.002046
0.000077 0.001188
0.000043 0.000693
0.000025 0.000397
0.000193 0.001425
0.000234 0.001174
0.000254 0.000853
0.000161 0.000421
0.000217 0.000486
0.000127 0.000527
0.000088 0.000719
0.000084 0.001010
0.000283 0.003167
0.000097 0.001079
0.000216 0.002776
0.000247 0.001519
0.000754 0.005886
0.002534 0.006589
0.001922 0.010641
0.875446 0.681449
0.007756 0.054120
0.001544 0.034264
0.001554 0.011765
0.000360 0.005864
0.002828 0.012392
0.009170 0.022234
0.006348 0.019479
0.000631 0.007809
0.000463 0.004896
0.000141 0.002126
0.000353 0.001955
0.000634 0.002237
0.004439 0.011807
0.032374 0.051307
0.028160 0.044627
0.123171 0.116000
0.037235 0.088430
0.017419 0.061157
0.005614 0.018811
0.003681 0.011407
0.005965 0.013884
0.005609 0.010072
0.005865 0.010472
0.004022 0.009293
0.001487 0.006488
0.001560 0.005693
0.004287 0.012779
0.004222 0.010931
0.001499 0.003932
0.000509 0.001600
0.000925 0.002556
0.001131 0.002492
0.001181 0.002215
0.001618 0.002923
0.001102 0.002293
0.000168 0.000451
0.000061 0.000191
0.000227 0.000484
0.000247 0.000365
0.000052 0.000214
0.000135 0.000300
0.000339 0.000507
0.000053 0.000179
0.000015 0.000111
0.000017 0.000138
0.000061 0.000423
0.000065 0.000512
0.000079 0.000420
0.000146 0.000571
0.000241 0.000497
0.000435 0.000797
0.000472 0.000732
0.000480 0.000733
0.000384 0.000612
0.000740 0.001122
0.000393 0.001068
0.000058 0.000448
0.000030 0.000283
0.000042 0.000380
0.000075 0.000594
0.000139 0.001225
0.000334 0.002324
0.001003 0.004867
0.000557 0.004606
0.000241 0.003606
0.000144 0.002749
0.000185 0.002991
0.000166 0.002577
0.000127 0.001792
0.000124 0.001583
0.000288 0.003213
0.000554 0.005138
0.001480 0.009762
0.002129 0.010794
0.002650 0.012419
0.002990 0.015080
0.002725 0.011120
0.001849 0.008628
0.001492 0.010119
0.001452 0.011301
0.001619 0.012562
0.001849 0.016660
0.001375 0.013119
0.001028 0.008703
0.000831 0.005402
0.000492 0.003192
0.000290 0.001896
0.000241 0.001745
0.000412 0.002762
0.001302 0.006510
0.004028 0.012201
0.006362 0.016047
0.007008 0.018578
0.002340 0.008868
0.000647 0.003016
0.000460 0.002126
0.000341 0.002250
0.000378 0.002283
0.000499 0.003179
0.001079 0.005691
0.001475 0.007890
0.001234 0.008176
0.000394 0.004810
0.000183 0.002466
0.000129 0.001261
0.000101 0.000785
0.000087 0.000635
0.000076 0.000628
0.000067 0.000496
0.000039 0.000297
0.000026 0.000205
0.000034 0.000257
0.000095 0.000563
0.000186 0.001112
0.000192 0.001369
0.000174 0.001219
0.000182 0.001153
0.000283 0.001201
0.000274 0.001030
0.000270 0.001166
0.000423 0.001700
0.000697 0.002576
0.000829 0.002965
0.000556 0.001981
0.000286 0.001147
0.000301 0.001394
0.000287 0.001565
0.000267 0.001354
0.000249 0.001219
0.000459 0.001904
0.000571 0.002597
0.000857 0.003689
0.001020 0.003935
0.001243 0.003754
0.001265 0.003357
0.000640 0.002041
0.000260 0.001271
0.000137 0.000979
0.000095 0.000854
0.000097 0.000819
0.000095 0.000617
0.000046 0.000302
0.000024 0.000169
0.000021 0.000139
0.000017 0.000125
0.000009 0.000101
0.000007 0.000094
0.000010 0.000108
0.000039 0.000270
0.000156 0.000696
0.000310 0.001330
0.000254 0.001451
0.000182 0.001226
0.000171 0.001005
0.000228 0.001483
0.000525 0.003007
0.000908 0.004531
0.001231 0.005103
0.002462 0.008217
0.004391 0.013638
0.001719 0.008773
0.000567 0.004001
0.000656 0.004309
0.001034 0.006220
0.001328 0.007782
0.001547 0.008960
0.001516 0.009511
0.001521 0.008919
0.001196 0.006225
0.000888 0.004425
0.000593 0.003801
0.000374 0.002488
0.000324 0.002072
0.000229 0.001513
0.000177 0.001297
0.000171 0.001185
0.000149 0.001062
0.000224 0.001328
0.000237 0.001664
0.000121 0.001266
0.000078 0.001007
0.000119 0.001272
0.000131 0.001194
0.000109 0.000962
0.000086 0.000732
0.000090 0.000774
0.000151 0.001210
0.000226 0.001651
0.000426 0.002520
0.000656 0.003437
0.000624 0.003394
0.000771 0.003695
0.000829 0.004207
0.000504 0.002815
0.000400 0.002300
0.000278 0.001684
0.000234 0.001491
0.000279 0.001896
0.000951 0.005256
0.002343 0.011053
0.002059 0.007880
0.002648 0.008871
0.001453 0.005121
0.000884 0.004090
0.000177 0.001326
0.000212 0.001634
0.000195 0.002656
0.000265 0.003086
0.000161 0.001196
0.000132 0.000985
0.000325 0.001506
0.000283 0.001511
0.000171 0.001182
0.000270 0.003171
0.000154 0.001580
0.000169 0.002342
0.000145 0.000926
0.000710 0.002777
0.001770 0.006389
0.000802 0.005662
0.989869 0.964574
0.004268 0.012908
0.000042 0.001431
0.000107 0.000655
0.000019 0.000123
0.000016 0.000103
0.000013 0.000173
0.000008 0.000074
0.000003 0.000129
0.000004 0.000062
0.000002 0.000045
0.000003 0.000044
0.000003 0.000089
0.000001 0.000045
0.000002 0.000092
0.000002 0.000071
0.000003 0.000083
0.000003 0.000042
0.000002 0.000026
0.000004 0.000046
0.000003 0.000040
0.000004 0.000050
0.000007 0.000082
0.000004 0.000052
0.000005 0.000059
0.000008 0.000076
0.000010 0.000103
0.000011 0.000099
0.000008 0.000072
0.000012 0.000101
0.000015 0.000132
0.000036 0.000235
0.000101 0.000486
0.000119 0.000695
0.000127 0.000775
0.000140 0.000905
0.000106 0.000871
0.000105 0.000844
0.000063 0.000537
0.000073 0.000589
0.000071 0.000645
0.000077 0.000735
0.000055 0.000538
0.000065 0.000596
0.000070 0.000632
0.000070 0.000740
0.000063 0.000725
0.000055 0.000716
0.000047 0.000645
0.000045 0.000612
0.000046 0.000595
0.000041 0.000564
0.000035 0.000507
0.000028 0.000451
0.000021 0.000348
0.000022 0.000347
0.000022 0.000331
0.000027 0.000350
0.000030 0.000349
0.000036 0.000347
0.000031 0.000281
0.000030 0.000263
0.000018 0.000168
0.000017 0.000156
