0.000001 0.000009
0.000002 0.000013
0.000001 0.000010
0.000003 0.000019
0.000005 0.000023
0.000005 0.000016
0.000007 0.000031
0.000005 0.000035
0.000012 0.000074
0.000006 0.000070
0.000024 0.000137
0.000091 0.000306
0.000048 0.000151
0.000099 0.000262
0.000033 0.000208
0.002091 0.004596
0.000901 0.002759
0.003737 0.011288
0.001596 0.004539
0.000191 0.001727
0.000021 0.002528
0.000027 0.001362
0.000027 0.001560
0.000605 0.012321
0.000309 0.004206
0.996889 0.984645
0.002094 0.003105
0.000056 0.000456
0.000091 0.000481
0.000029 0.000249
0.000290 0.000567
0.000370 0.001370
0.000371 0.000607
0.000107 0.000388
0.000122 0.000409
0.000167 0.000598
0.000130 0.000545
0.000353 0.001840
0.000061 0.000810
0.000113 0.001830
0.000178 0.001838
0.000195 0.002714
0.000138 0.000812
0.000030 0.000201
0.000037 0.000363
0.000042 0.000366
0.000031 0.000285
0.000019 0.000202
0.000011 0.000131
0.000014 0.000183
0.000146 0.001285
0.000502 0.003649
0.000739 0.005654
0.000465 0.003784
0.000851 0.005072
0.000750 0.004462
0.000533 0.003603
0.000157 0.001278
0.000223 0.001871
0.000216 0.002166
0.000258 0.002431
0.000162 0.001449
0.000275 0.002442
0.000588 0.004544
0.000648 0.005023
0.000802 0.005657
0.000759 0.005666
0.000786 0.005782
0.000809 0.005452
0.000638 0.004303
0.000632 0.004465
0.000931 0.006708
0.001023 0.008403
0.000905 0.008053
0.001027 0.008546
0.001559 0.011755
0.001625 0.011171
0.000879 0.006755
0.000798 0.005992
0.000599 0.004494
0.000416 0.002982
0.000449 0.002829
0.000341 0.002497
0.000424 0.003012
0.000334 0.002536
0.000351 0.002363
0.000477 0.002758
0.000407 0.002070
0.000281 0.001523
0.000186 0.001027
0.000241 0.001262
0.000225 0.001141
0.000197 0.001109
0.000123 0.000773
0.000089 0.000651
0.000079 0.000629
0.000092 0.000666
0.000155 0.000992
0.000653 0.003072
0.000911 0.004330
0.000259 0.001629
0.000219 0.001426
0.000127 0.000899
0.000090 0.000667
0.000074 0.000539
0.000052 0.000406
0.000055 0.000418
0.000118 0.000817
0.000246 0.001580
0.000595 0.003005
0.000757 0.003422
0.001312 0.005861
0.001625 0.007072
0.001218 0.005373
0.001089 0.004784
0.000720 0.003778
0.000599 0.003426
0.000484 0.003076
0.000548 0.003080
0.001150 0.005378
0.005375 0.015119
0.008387 0.022868
0.010956 0.027854
0.010103 0.026057
0.014280 0.031773
0.007350 0.018749
0.001517 0.005795
0.000607 0.002845
0.000430 0.002310
0.000200 0.001062
0.000140 0.000670
0.000160 0.000733
0.000255 0.001147
0.000230 0.001235
0.000155 0.001089
0.000172 0.001219
0.000315 0.001844
0.000489 0.002324
0.000483 0.002146
0.000352 0.001482
0.000274 0.001064
0.000148 0.000593
0.000104 0.000423
0.000052 0.000249
0.000062 0.000279
0.000057 0.000278
0.000059 0.000328
0.000053 0.000297
0.000089 0.000468
0.000233 0.000821
0.000380 0.001136
0.000674 0.001814
0.000471 0.001420
0.000296 0.001109
0.000225 0.000887
0.000102 0.000473
0.000083 0.000412
0.000138 0.000558
0.000108 0.000461
0.000095 0.000379
0.000128 0.000424
0.000286 0.000829
0.000638 0.001619
0.000756 0.001983
0.000824 0.002287
0.001203 0.003117
0.001619 0.004066
0.001166 0.003457
0.000368 0.001551
0.000306 0.001377
0.000275 0.001216
0.000308 0.001237
0.000399 0.001403
0.000574 0.001851
0.000666 0.002228
0.000798 0.002872
0.000645 0.002713
0.000548 0.002508
0.000631 0.002651
0.000763 0.003031
0.001404 0.004812
0.002187 0.006361
0.001252 0.004540
0.000744 0.002963
0.000817 0.002824
0.001442 0.003320
0.000544 0.001655
0.000272 0.001079
0.000203 0.000853
0.000172 0.000689
0.000249 0.000891
0.000263 0.000957
0.000346 0.001248
0.000264 0.000958
0.000352 0.001130
0.000478 0.001331
0.000458 0.001361
0.000290 0.000986
0.000141 0.000630
0.000086 0.000408
0.000038 0.000198
0.000051 0.000261
0.000043 0.000235
0.000063 0.000333
0.000090 0.000472
0.000077 0.000449
0.000160 0.000765
0.000696 0.002210
0.000912 0.002729
0.000936 0.002844
0.000980 0.002823
0.001243 0.003616
0.001340 0.003818
0.001354 0.004240
0.001610 0.005760
0.002065 0.008270
0.002775 0.010167
0.004206 0.014979
0.007240 0.024057
0.009096 0.029497
0.008019 0.022722
0.004569 0.014546
0.003156 0.010952
0.002825 0.009956
0.002767 0.009982
0.003524 0.012462
0.002822 0.010493
0.002503 0.009306
0.002838 0.009404
0.003786 0.010411
0.002580 0.007548
0.002006 0.006932
0.001936 0.007348
0.002206 0.008189
0.004033 0.013367
0.002077 0.008982
0.001085 0.005968
0.001209 0.006095
0.001400 0.005740
0.001095 0.005787
0.000721 0.005241
0.000606 0.004869
0.000439 0.003703
0.000347 0.002942
0.000236 0.002172
0.000174 0.001648
0.000102 0.000953
0.000106 0.000897
0.000168 0.001323
0.000282 0.001967
0.000155 0.001218
0.000211 0.001903
0.000331 0.003019
0.001117 0.007269
0.001527 0.009718
0.000967 0.007089
0.000730 0.005545
0.000614 0.004917
0.000425 0.003488
0.000191 0.002053
0.000176 0.001897
0.000233 0.002464
0.000224 0.002580
0.000240 0.003125
0.000290 0.004012
0.000523 0.006314
0.000516 0.005890
0.000759 0.006852
0.001667 0.011518
0.002058 0.016817
0.002103 0.015902
0.001338 0.011771
0.000953 0.010159
0.001306 0.012952
0.001735 0.011776
0.002412 0.014084
0.002443 0.014683
0.001908 0.016342
0.001315 0.016410
0.001373 0.019701
0.000855 0.017280
0.000443 0.012712
0.000430 0.008717
0.000679 0.008186
0.001990 0.014695
0.004351 0.023362
0.005332 0.025645
0.011444 0.048423
0.020892 0.094233
0.019920 0.094827
0.019098 0.069315
0.013681 0.045317
0.015349 0.055753
0.013359 0.045364
0.011715 0.042899
0.014172 0.047085
0.020844 0.078605
0.019160 0.070999
0.021718 0.066601
0.032491 0.084530
0.033244 0.098579
0.026186 0.109764
0.014709 0.079701
0.012490 0.073024
0.011359 0.066891
0.010959 0.085483
0.007226 0.086009
0.007329 0.074404
0.006011 0.069272
0.009165 0.067775
0.010565 0.075339
0.006290 0.053146
0.005450 0.040229
0.003505 0.035274
0.004296 0.037812
0.004756 0.038071
0.006605 0.048513
0.010251 0.066202
0.020180 0.107662
0.047600 0.157073
0.067983 0.173855
0.083052 0.187408
0.080977 0.178849
0.073686 0.151692
0.067953 0.153013
0.044322 0.117415
0.029663 0.082637
0.021159 0.062475
0.019804 0.062866
0.017878 0.063732
0.015786 0.064429
0.016098 0.074141
0.023950 0.114351
0.032270 0.180178
0.028372 0.248235
0.023073 0.302518
0.018513 0.300957
0.016004 0.252891
0.012104 0.214055
0.010129 0.180957
0.009097 0.154105
0.008000 0.135877
0.005714 0.133072
0.004418 0.136133
0.005022 0.121059
0.005740 0.102707
0.004728 0.080538
0.002718 0.059963
0.001843 0.048435
0.001194 0.041692
0.001791 0.047839
0.001549 0.040341
0.001531 0.031305
0.001506 0.028183
0.001294 0.024079
0.000648 0.012029
0.000333 0.005014
0.000196 0.003479
0.000163 0.002561
0.000292 0.002855
0.000518 0.003319
0.001244 0.006376
0.002980 0.013978
0.002712 0.016902
0.001337 0.014428
0.000690 0.009473
0.000391 0.006680
0.000250 0.005181
0.000182 0.003559
0.000212 0.003433
0.000362 0.005101
0.000551 0.007075
0.000798 0.007105
0.000659 0.005869
0.000761 0.005534
0.000788 0.004890
0.000140 0.001349
0.000033 0.000473
0.000027 0.000333
0.000024 0.000250
0.000023 0.000222
0.000029 0.000280
0.000032 0.000296
0.000037 0.000342
0.000071 0.000564
0.000083 0.000698
0.000069 0.000708
0.000057 0.000610
0.000097 0.000765
0.000070 0.000568
0.000013 0.000176
0.000003 0.000059
0.000002 0.000033
0.000001 0.000022
0.000000 0.000014
0.000001 0.000018
0.000002 0.000043
0.000005 0.000064
0.000006 0.000069
0.000005 0.000056
0.000005 0.000048
0.000005 0.000042
0.000001 0.000015
0.000001 0.000009
0.000000 0.000007
0.000001 0.000011
0.000002 0.000015
0.000003 0.000035
0.000007 0.000086
0.000020 0.000222
0.000085 0.000593
0.000235 0.001321
0.000294 0.001878
0.000171 0.001671
0.000122 0.001347
0.000179 0.001569
0.000297 0.001920
0.000527 0.002434
0.000483 0.002019
0.000210 0.001125
0.000073 0.000513
0.000041 0.000350
0.000035 0.000301
0.000043 0.000359
0.000039 0.000366
0.000046 0.000457
0.000050 0.000477
0.000019 0.000253
0.000015 0.000181
0.000008 0.000114
0.000003 0.000062
0.000002 0.000038
0.000001 0.000038
0.000002 0.000043
0.000002 0.000052
0.000002 0.000041
0.000002 0.000030
0.000002 0.000025
0.000003 0.000029
0.000003 0.000029
0.000004 0.000038
0.000004 0.000037
0.000010 0.000063
0.000024 0.000109
0.000027 0.000122
0.000013 0.000071
0.000009 0.000055
0.000010 0.000060
0.000006 0.000047
0.000004 0.000033
0.000003 0.000023
0.000006 0.000041
0.000006 0.000036
0.000006 0.000046
0.000009 0.000071
0.000014 0.000104
0.000026 0.000173
0.000059 0.000338
0.000059 0.000359
0.000050 0.000328
0.000020 0.000159
0.000038 0.000230
0.000079 0.000306
0.000050 0.000206
0.000018 0.000095
0.000026 0.000115
0.000056 0.000197
0.000073 0.000306
0.000095 0.000464
0.000126 0.000652
0.000239 0.001036
0.000449 0.001575
0.000569 0.001982
0.000664 0.002184
0.000442 0.001593
0.000419 0.001412
0.000275 0.000894
0.000192 0.000617
0.000091 0.000364
0.000076 0.000342
0.000084 0.000430
0.000073 0.000488
0.000064 0.000570
0.000066 0.000751
0.000090 0.001102
0.000172 0.001771
0.000427 0.003068
0.000941 0.005083
0.001298 0.005933
0.001017 0.004644
0.000553 0.002994
0.000335 0.002036
0.000299 0.001852
0.000144 0.001067
0.000246 0.001233
0.000574 0.001577
0.000762 0.002282
0.000099 0.000638
0.000049 0.000425
0.000061 0.000411
0.000097 0.000517
0.000094 0.000626
0.000055 0.000533
0.000104 0.000851
0.000168 0.000958
0.000116 0.000661
0.000094 0.000623
0.000053 0.000400
0.000025 0.000197
0.000018 0.000138
0.000014 0.000107
0.000017 0.000130
0.000019 0.000137
0.000029 0.000185
0.000055 0.000286
0.000069 0.000372
0.000099 0.000586
0.000180 0.000882
0.000538 0.001787
0.000602 0.002138
0.000192 0.000943
0.000133 0.000776
0.000108 0.000753
0.000105 0.000852
0.000134 0.001038
0.000177 0.001213
0.000519 0.002186
0.000869 0.003064
0.000634 0.002511
0.000358 0.001613
0.000328 0.001485
0.000321 0.001405
0.000252 0.001396
0.000209 0.001357
0.000269 0.001587
0.000326 0.001596
0.000382 0.001730
0.000267 0.001230
0.000242 0.001128
0.000136 0.000723
0.000125 0.000687
0.000116 0.000703
0.000148 0.000871
0.000248 0.001165
0.000418 0.001537
0.000508 0.001707
0.000582 0.001946
0.000456 0.001642
0.000158 0.000722
0.000091 0.000406
0.000054 0.000216
0.000065 0.000252
0.000036 0.000175
0.000028 0.000158
0.000038 0.000191
0.000034 0.000167
0.000032 0.000185
0.000040 0.000250
0.000049 0.000299
0.000071 0.000384
0.000041 0.000260
0.000032 0.000246
0.000031 0.000220
0.000048 0.000246
0.000079 0.000330
0.000106 0.000421
0.000115 0.000480
0.000120 0.000452
0.000220 0.000641
0.000459 0.001083
0.000284 0.000836
0.000226 0.000856
0.000366 0.001427
0.000696 0.002561
0.001305 0.004303
0.003175 0.007936
0.005444 0.011278
0.001388 0.004230
0.000460 0.001689
0.000215 0.000747
0.000194 0.000619
0.000173 0.000550
0.000101 0.000395
0.000067 0.000306
0.000064 0.000366
0.000094 0.000551
0.000128 0.000698
0.000154 0.000785
0.000474 0.001674
0.000244 0.000961
0.000086 0.000432
0.000080 0.000367
0.000088 0.000427
0.000042 0.000257
0.000028 0.000193
0.000036 0.000196
0.000054 0.000248
0.000044 0.000219
0.000033 0.000196
0.000032 0.000180
0.000013 0.000071
0.000014 0.000083
0.000014 0.000074
0.000031 0.000164
0.000076 0.000331
0.000073 0.000341
0.000118 0.000493
0.000210 0.000811
0.000122 0.000613
0.000087 0.000480
0.000055 0.000320
0.000062 0.000365
0.000069 0.000395
0.000095 0.000471
0.000133 0.000595
0.000348 0.001207
0.000894 0.002346
0.000720 0.002098
0.000694 0.002119
0.000529 0.001970
0.000408 0.001716
0.000299 0.001363
0.000183 0.000891
0.000160 0.000763
0.000220 0.000850
0.000286 0.000975
0.000428 0.001181
0.000764 0.001820
0.001431 0.003487
0.000632 0.002336
0.000265 0.001518
0.000174 0.001235
0.000152 0.001245
0.000147 0.001294
0.000189 0.001517
0.000342 0.002204
0.000743 0.003982
0.001589 0.006495
0.002428 0.007753
0.002857 0.006999
0.002071 0.005280
0.000772 0.002603
0.000274 0.001180
0.000119 0.000592
0.000114 0.000484
0.000082 0.000323
0.000083 0.000322
0.000059 0.000263
0.000110 0.000475
0.000187 0.000754
0.000096 0.000379
0.000226 0.000656
0.000131 0.000420
0.000044 0.000245
0.000024 0.000157
0.000013 0.000080
0.000008 0.000051
0.000006 0.000043
0.000007 0.000053
0.000008 0.000077
0.000011 0.000117
0.000022 0.000214
0.000057 0.000462
0.000165 0.001137
0.000489 0.002673
0.000991 0.003464
0.001227 0.003563
0.001611 0.004040
0.001393 0.004196
0.001265 0.004263
0.001218 0.004226
0.001058 0.003797
0.001191 0.004064
0.001551 0.004972
0.001935 0.005662
0.002136 0.006279
0.001691 0.006399
0.001020 0.005389
0.000940 0.005420
0.000985 0.005632
0.000964 0.005996
0.000703 0.004769
0.000782 0.005097
0.000687 0.004718
0.000598 0.004291
0.000317 0.002544
0.000217 0.001602
0.000156 0.001028
0.000151 0.000849
0.000096 0.000523
0.000056 0.000328
0.000028 0.000183
0.000019 0.000137
0.000012 0.000094
0.000014 0.000103
0.000016 0.000136
0.000023 0.000197
0.000031 0.000226
0.000052 0.000296
0.000101 0.000387
0.000134 0.000516
0.000137 0.000515
0.000053 0.000231
0.000034 0.000168
0.000027 0.000131
0.000019 0.000095
0.000017 0.000083
0.000020 0.000097
0.000019 0.000105
0.000021 0.000134
0.000022 0.000169
0.000038 0.000327
0.000049 0.000394
0.000074 0.000506
0.000155 0.000765
0.000386 0.001544
0.000257 0.001077
0.000143 0.000731
0.000081 0.000441
0.000056 0.000334
0.000034 0.000223
0.000047 0.000266
0.000042 0.000252
0.000053 0.000292
0.000088 0.000546
0.000082 0.000539
0.000087 0.000615
0.000057 0.000429
0.000196 0.000948
0.000293 0.001356
0.000225 0.001114
0.000110 0.000564
0.000035 0.000264
0.000080 0.000487
0.000048 0.000231
0.000053 0.000406
0.000128 0.001219
0.000020 0.000413
0.000013 0.000758
0.000008 0.000229
0.000045 0.001225
0.000151 0.002414
0.000049 0.000652
0.985110 0.939001
0.005222 0.002998
0.000050 0.000504
0.000155 0.000470
0.000014 0.000058
0.000083 0.000258
0.000032 0.000180
0.000030 0.000109
0.000011 0.000156
0.000057 0.000279
0.000076 0.000384
0.000145 0.000680
0.000483 0.002534
0.000303 0.001830
0.000528 0.002861
0.000218 0.001327
0.000113 0.000868
0.000051 0.000304
0.000027 0.000168
0.000033 0.000185
0.000027 0.000152
0.000045 0.000283
0.000051 0.000290
0.000037 0.000244
0.000032 0.000228
0.000045 0.000264
0.000082 0.000412
0.000158 0.000676
0.000297 0.001014
0.000490 0.001432
0.000740 0.001914
0.000814 0.002027
0.000472 0.001690
0.000232 0.001106
0.000126 0.000747
0.000145 0.000868
0.000121 0.000679
0.000237 0.001270
0.000451 0.002236
0.000624 0.003010
0.001018 0.004464
0.001535 0.006768
0.001817 0.008087
0.002248 0.010226
0.001753 0.008290
0.001336 0.007168
0.001033 0.005998
0.001243 0.007071
0.000768 0.004674
0.000907 0.004323
0.000723 0.002834
0.000465 0.001737
0.000176 0.000775
0.000106 0.000495
0.000069 0.000360
0.000056 0.000344
0.000062 0.000395
0.000065 0.000454
0.000094 0.000541
0.000118 0.000595
0.000205 0.001010
0.000257 0.001263
0.000232 0.001054
0.000256 0.000898
0.000317 0.001016
0.000217 0.000773
0.000194 0.000743
0.000149 0.000581
0.000146 0.000585
0.000118 0.000566
0.000107 0.000542
0.000099 0.000474
0.000095 0.000488
0.000078 0.000414
0.000101 0.000487
0.000155 0.000748
0.000285 0.001358
0.000782 0.002833
0.000989 0.003633
0.001464 0.005086
0.002007 0.007092
0.001996 0.007705
0.002211 0.008932
0.001315 0.005501
0.000946 0.005345
0.000835 0.005218
0.000619 0.003849
0.000490 0.002976
0.000372 0.002423
0.000369 0.002251
0.000345 0.001827
0.000315 0.001784
0.000403 0.002402
0.000612 0.003707
0.000842 0.004223
0.001602 0.006756
0.002629 0.009050
0.004970 0.012240
0.002994 0.007995
0.002045 0.006055
0.000874 0.003012
0.000580 0.002210
0.000279 0.001268
0.000153 0.000756
0.000071 0.000424
0.000063 0.000408
0.000056 0.000355
0.000068 0.000453
0.000085 0.000693
0.000141 0.001123
0.000291 0.002066
0.000480 0.002806
0.000787 0.003883
0.001244 0.005110
0.001995 0.007075
0.002447 0.007737
0.002456 0.007823
0.002369 0.007290
0.002968 0.008789
0.003480 0.009616
0.003694 0.009922
0.003845 0.010509
0.003385 0.009644
0.002736 0.007930
0.002116 0.006500
0.002012 0.005928
0.001867 0.005475
0.001818 0.005394
0.001866 0.006145
0.001402 0.005474
0.001302 0.005410
0.001033 0.004703
0.000880 0.004278
0.000806 0.003981
0.000582 0.003171
0.000439 0.002462
0.000261 0.001579
0.000175 0.001094
0.000131 0.000796
0.000119 0.000704
0.000124 0.000680
0.000115 0.000622
0.000112 0.000581
0.000123 0.000623
0.000135 0.000661
0.000145 0.000695
0.000125 0.000581
0.000130 0.000596
0.000127 0.000576
0.000150 0.000675
0.000119 0.000512
0.000118 0.000512
0.000112 0.000481
0.000119 0.000505
0.000092 0.000404
0.000086 0.000398
0.000091 0.000392
0.000096 0.000443
0.000112 0.000524
0.000097 0.000460
0.000114 0.000544
0.000134 0.000646
0.000125 0.000643
0.000166 0.000786
0.000301 0.001231
0.000376 0.001438
0.000431 0.001595
0.000315 0.001247
0.000314 0.001315
0.000248 0.001117
0.000198 0.000951
0.000181 0.000925
0.000203 0.001074
0.000235 0.001211
0.000295 0.001428
0.000383 0.001713
0.000488 0.002090
0.000566 0.002421
0.000680 0.002936
0.000655 0.002930
0.000727 0.003285
0.000839 0.003676
0.001020 0.004280
0.001100 0.004390
0.001198 0.004541
0.001357 0.004874
0.001223 0.004478
0.001063 0.004203
0.000859 0.003773
0.000920 0.004128
0.001084 0.004675
0.001476 0.005723
0.001874 0.006149
0.002945 0.008481
0.003322 0.009182
0.003364 0.009549
0.002379 0.006909
0.001822 0.005773
0.001284 0.004512
0.001077 0.004237
0.000531 0.002443
0.000355 0.001823
0.000204 0.001174
0.000175 0.001003
0.000089 0.000578
0.000074 0.000493
0.000071 0.000448
0.000069 0.000422
0.000082 0.000501
0.000076 0.000438
0.000083 0.000474
0.000088 0.000474
0.000068 0.000378
0.000073 0.000377
0.000095 0.000453
0.000096 0.000438
0.000100 0.000444
0.000097 0.000411
0.000121 0.000489
0.000134 0.000530
0.000127 0.000503
0.000140 0.000554
0.000151 0.000610
0.000160 0.000654
0.000165 0.000671
0.000175 0.000694
0.000180 0.000706
0.000176 0.000685
0.000175 0.000690
0.000155 0.000623
0.000152 0.000611
0.000149 0.000605
0.000139 0.000599
0.000132 0.000592
0.000123 0.000568
0.000122 0.000555
0.000118 0.000525
0.000110 0.000486
0.000110 0.000476
0.000112 0.000481
0.000116 0.000497
0.000115 0.000506
0.000100 0.000459
0.000113 0.000528
0.000118 0.000566
0.000152 0.000743
0.000173 0.000822
0.000259 0.001214
0.000387 0.001751
0.000719 0.003015
0.000946 0.003400
0.001381 0.004583
0.001452 0.004457
0.001361 0.004285
0.000828 0.002728
0.000787 0.002640
0.000799 0.002375
0.000716 0.002229
0.000921 0.002700
0.000746 0.002264
0.000917 0.002765
0.000999 0.003217
0.000754 0.002805
0.000759 0.002982
0.000859 0.003353
0.000759 0.003027
0.000699 0.002913
0.000570 0.002446
0.000695 0.002970
0.000687 0.002990
0.000595 0.002729
0.000538 0.002577
0.000606 0.003051
0.000607 0.003031
0.000572 0.002795
0.000510 0.002486
0.000439 0.002036
0.000413 0.001885
0.000382 0.001803
0.000289 0.001552
0.000252 0.001489
0.000238 0.001446
0.000217 0.001309
0.000243 0.001306
0.000269 0.001359
0.000345 0.001586
0.000307 0.001391
0.000380 0.001612
0.000343 0.001584
0.000297 0.001445
0.000355 0.001701
0.000414 0.001957
0.000379 0.001565
0.000425 0.001557
0.000231 0.000912
0.000146 0.000626
0.000073 0.000369
0.000060 0.000349
0.000048 0.000328
0.000066 0.000469
0.000056 0.000415
0.000071 0.000527
0.000099 0.000673
0.000151 0.000913
0.000169 0.000925
0.000231 0.001170
0.000371 0.001530
0.000518 0.002118
0.000698 0.002799
0.000810 0.003108
0.000879 0.003700
0.000842 0.004091
0.000550 0.003397
0.000595 0.003569
0.001104 0.005775
0.001520 0.007286
0.002117 0.008873
0.002771 0.009381
0.004757 0.013320
0.004737 0.012769
0.002981 0.008684
0.001624 0.005205
0.001248 0.004276
0.000754 0.002988
0.000570 0.002496
0.000555 0.002561
0.000588 0.002761
0.000806 0.003350
0.001073 0.004000
0.001181 0.004121
0.001227 0.004281
0.000965 0.003752
0.000670 0.003033
0.000389 0.002155
0.000260 0.001658
0.000240 0.001565
0.000241 0.001578
0.000273 0.001765
0.000323 0.001894
0.000512 0.002621
0.000762 0.003637
0.000918 0.004148
0.000868 0.003554
0.000782 0.003050
0.000663 0.002502
0.000597 0.002102
0.000512 0.001650
0.000526 0.001649
0.000541 0.001865
0.000653 0.002589
0.000570 0.002495
0.000568 0.002741
0.000561 0.002801
0.000644 0.003147
0.000472 0.002385
0.000479 0.002443
0.000547 0.002367
0.001180 0.004840
0.001530 0.005615
0.001468 0.004607
0.001703 0.004804
0.001805 0.004850
0.001001 0.003212
0.000653 0.002201
0.000517 0.001890
0.000402 0.001538
0.000360 0.001428
0.000269 0.001111
0.000266 0.001167
0.000245 0.001103
0.000211 0.000945
0.000235 0.000988
0.000285 0.001185
0.000367 0.001430
0.000488 0.001792
0.000586 0.002118
0.000561 0.002175
0.000608 0.002364
0.000488 0.002067
0.000394 0.001688
0.000345 0.001482
0.000325 0.001386
0.000300 0.001312
0.000294 0.001297
0.000293 0.001312
0.000265 0.001199
0.000230 0.001089
0.000230 0.001141
0.000222 0.001132
0.000235 0.001199
0.000215 0.001114
0.000257 0.001210
0.000254 0.001061
0.000377 0.001296
0.000495 0.001522
0.000777 0.002187
0.000711 0.001916
0.000829 0.002167
0.000698 0.001928
0.000701 0.002103
0.000340 0.001230
0.000237 0.000991
0.000140 0.000683
0.000129 0.000672
0.000071 0.000443
0.000073 0.000479
0.000076 0.000476
0.000092 0.000550
0.000112 0.000676
0.000094 0.000561
0.000102 0.000604
0.000122 0.000659
0.000097 0.000512
0.000124 0.000549
0.000157 0.000655
0.000174 0.000676
0.000206 0.000736
0.000191 0.000656
0.000229 0.000789
0.000184 0.000701
0.000127 0.000558
0.000107 0.000518
0.000114 0.000574
0.000123 0.000604
0.000148 0.000686
0.000153 0.000718
0.000197 0.000893
0.000256 0.001061
0.000377 0.001405
0.000387 0.001374
0.000428 0.001510
0.000404 0.001515
0.000464 0.001754
0.000526 0.001988
0.000532 0.002027
0.000548 0.002052
0.000524 0.001904
0.000550 0.001959
0.000619 0.002086
0.000670 0.002245
0.000722 0.002369
0.000915 0.002909
0.001201 0.003548
0.001268 0.003886
0.000980 0.003285
0.000877 0.003243
0.000608 0.002301
0.000598 0.002322
0.000605 0.002316
0.000681 0.002575
0.000485 0.001840
0.000507 0.001913
0.000408 0.001680
0.000425 0.001734
0.000229 0.001053
0.000181 0.000874
0.000141 0.000658
0.000121 0.000580
0.000140 0.000659
0.000144 0.000653
0.000292 0.001160
0.000505 0.001793
0.000470 0.001689
0.000400 0.001427
0.000409 0.001383
0.000428 0.001376
0.000393 0.001310
0.000219 0.000880
0.000184 0.000848
0.000166 0.000824
0.000148 0.000772
0.000171 0.000861
0.000217 0.001074
0.000375 0.001619
0.000552 0.002230
0.000840 0.003280
0.000955 0.003803
0.001168 0.004386
0.001281 0.004564
0.001034 0.003625
0.000837 0.003010
0.000632 0.002396
0.000527 0.002086
0.000556 0.002021
0.000532 0.001882
0.000557 0.001910
0.000502 0.001771
0.000508 0.001812
0.000546 0.001904
0.000588 0.002130
0.000545 0.002096
0.000375 0.001633
0.000217 0.001031
0.000176 0.000920
0.000140 0.000790
0.000146 0.000843
0.000109 0.000625
0.000143 0.000751
0.000145 0.000728
0.000194 0.000905
0.000152 0.000693
0.000186 0.000784
0.000199 0.000769
0.000207 0.000731
0.000136 0.000508
0.000128 0.000492
0.000129 0.000471
0.000137 0.000539
0.000194 0.000681
0.000163 0.000560
0.000164 0.000616
0.000143 0.000552
0.000105 0.000440
0.000099 0.000428
0.000111 0.000489
0.000119 0.000516
0.000132 0.000587
0.000118 0.000561
0.000148 0.000714
0.000152 0.000709
0.000181 0.000772
0.000203 0.000842
0.000258 0.001072
0.000259 0.001051
0.000283 0.001148
0.000430 0.001596
0.000473 0.001835
0.000396 0.001739
0.000519 0.002238
0.000586 0.002423
0.000841 0.003178
0.001017 0.003615
0.000982 0.003522
0.000824 0.003088
0.000870 0.003186
0.000934 0.003154
0.000942 0.002915
0.000909 0.002696
0.000808 0.002374
0.000835 0.002477
0.000957 0.002838
0.001127 0.003424
0.001039 0.003220
0.001098 0.003615
0.000848 0.003053
0.000676 0.002641
0.000403 0.001674
0.000292 0.001332
0.000196 0.000991
0.000182 0.000995
0.000121 0.000688
0.000117 0.000644
0.000106 0.000573
0.000102 0.000527
0.000074 0.000387
0.000063 0.000344
0.000062 0.000310
0.000055 0.000284
0.000065 0.000342
0.000051 0.000276
0.000064 0.000364
0.000077 0.000427
0.000069 0.000406
0.000099 0.000528
0.000182 0.000871
0.000308 0.001273
0.000444 0.001632
0.000559 0.001774
0.000870 0.002466
0.000932 0.002546
0.000785 0.002193
0.000690 0.002042
0.000612 0.001929
0.000550 0.001821
0.000521 0.001816
0.000530 0.001884
0.000544 0.002020
0.000601 0.002229
0.000720 0.002658
0.000807 0.002909
0.000919 0.003226
0.001000 0.003428
0.000936 0.003334
0.000753 0.002848
0.000556 0.002217
0.000453 0.001829
0.000334 0.001405
0.000289 0.001219
0.000246 0.001064
0.000267 0.001128
0.000297 0.001242
0.000340 0.001368
0.000331 0.001254
0.000363 0.001347
0.000356 0.001295
0.000365 0.001299
0.000263 0.000895
0.000242 0.000827
0.000204 0.000698
0.000211 0.000736
0.000142 0.000506
0.000140 0.000514
0.000124 0.000479
0.000132 0.000507
0.000098 0.000396
0.000110 0.000452
0.000142 0.000518
0.000159 0.000626
0.000217 0.000764
0.000173 0.000600
0.000176 0.000627
0.000166 0.000602
0.000113 0.000453
0.000099 0.000407
0.000133 0.000527
0.000125 0.000506
0.000125 0.000523
0.000106 0.000457
0.000137 0.000587
0.000141 0.000593
0.000144 0.000594
0.000154 0.000633
0.000180 0.000738
0.000198 0.000783
0.000185 0.000728
0.000176 0.000697
0.000179 0.000709
0.000181 0.000726
0.000209 0.000829
0.000223 0.000914
0.000264 0.001079
0.000326 0.001304
0.000344 0.001405
0.000367 0.001484
0.000393 0.001535
0.000409 0.001534
0.000400 0.001481
0.000348 0.001329
0.000322 0.001269
0.000240 0.000983
0.000299 0.001132
0.000264 0.001043
0.000320 0.001222
0.000296 0.001095
0.000328 0.001177
0.000345 0.001195
0.000346 0.001242
0.000217 0.000752
0.000172 0.000644
0.000148 0.000564
0.000151 0.000607
0.000066 0.000299
0.000054 0.000260
0.000047 0.000232
0.000072 0.000345
0.000042 0.000231
0.000055 0.000263
0.000017 0.000084
0.000021 0.000094
0.000024 0.000144
0.000020 0.000138
0.000018 0.000127
0.000012 0.000070
0.000015 0.000062
0.000017 0.000060
0.000035 0.000117
0.000028 0.000096
0.000012 0.000065
0.000031 0.000111
0.000022 0.000150
0.000013 0.000090
0.000038 0.000525
0.000009 0.000130
0.000010 0.000465
0.000012 0.000267
0.000233 0.001312
0.000872 0.003454
0.000546 0.003117
0.995186 0.975399
0.013015 0.012093
0.000090 0.000591
0.000455 0.001382
0.000024 0.000157
0.000140 0.000391
0.000073 0.000451
0.000307 0.000986
0.000059 0.000986
0.000262 0.000939
0.000044 0.000329
0.000035 0.000360
0.000101 0.001541
0.000066 0.000739
0.000093 0.001034
0.000065 0.000896
0.000079 0.000870
0.000060 0.000467
0.000044 0.000389
0.000027 0.000306
0.000019 0.000209
0.000031 0.000334
0.000034 0.000384
0.000030 0.000324
0.000027 0.000308
0.000025 0.000247
0.000030 0.000292
0.000027 0.000252
0.000024 0.000205
0.000047 0.000344
0.000060 0.000421
0.000053 0.000393
0.000048 0.000389
0.000049 0.000408
0.000040 0.000366
0.000043 0.000386
0.000050 0.000443
0.000050 0.000451
0.000051 0.000474
0.000052 0.000461
0.000061 0.000547
0.000064 0.000573
0.000059 0.000536
0.000056 0.000517
0.000055 0.000532
0.000056 0.000539
0.000059 0.000559
0.000061 0.000561
0.000072 0.000629
0.000077 0.000650
0.000092 0.000763
0.000086 0.000728
0.000093 0.000766
0.000104 0.000837
0.000117 0.000927
0.000122 0.000976
0.000110 0.000901
0.000112 0.000878
0.000096 0.000753
0.000096 0.000722
0.000091 0.000684
0.000088 0.000674
0.000081 0.000644
0.000077 0.000635
0.000068 0.000570
0.000071 0.000599
0.000070 0.000598
0.000072 0.000628
0.000069 0.000600
0.000068 0.000597
0.000063 0.000559
0.000066 0.000596
0.000057 0.000499
0.000058 0.000507
0.000056 0.000490
0.000054 0.000487
0.000038 0.000355
0.000036 0.000331
0.000037 0.000319
0.000018 0.000171
0.000026 0.000233
0.000030 0.000254
0.000040 0.000321
0.000052 0.000383
0.000054 0.000379
0.000059 0.000390
0.000061 0.000392
0.000049 0.000332
0.000042 0.000302
0.000032 0.000249
0.000034 0.000278
0.000030 0.000260
0.000027 0.000246
0.000028 0.000255
0.000031 0.000285
0.000038 0.000337
0.000043 0.000381
0.000047 0.000414
0.000048 0.000417
0.000045 0.000388
0.000045 0.000384
0.000042 0.000361
0.000047 0.000381
0.000051 0.000394
0.000054 0.000408
0.000057 0.000424
0.000054 0.000403
0.000053 0.000402
0.000051 0.000397
0.000050 0.000395
0.000052 0.000405
0.000064 0.000476
0.000090 0.000640
0.000116 0.000762
0.000129 0.000880
0.000137 0.001069
0.000160 0.001391
0.000257 0.002470
0.000321 0.003615
0.000335 0.003934
0.000388 0.003976
0.000487 0.004744
0.000866 0.006885
0.002145 0.016059
0.004139 0.030817
0.006331 0.051034
0.009186 0.066332
0.018993 0.088005
0.022603 0.073792
0.017127 0.056477
0.022114 0.083506
0.019549 0.094715
0.014677 0.085024
0.009105 0.061371
0.005553 0.035390
0.004343 0.021098
0.002879 0.012620
0.001588 0.007151
0.001081 0.005507
0.000738 0.004542
0.000722 0.005320
0.000642 0.005825
0.000359 0.004000
0.000229 0.002818
0.000166 0.002164
0.000073 0.001165
0.000046 0.000880
0.000034 0.000711
0.000030 0.000639
0.000025 0.000492
0.000020 0.000394
0.000018 0.000330
0.000022 0.000325
0.000027 0.000336
0.000032 0.000381
0.000034 0.000376
0.000032 0.000341
0.000028 0.000300
0.000022 0.000253
0.000017 0.000226
0.000012 0.000207
0.000013 0.000262
0.000017 0.000351
0.000024 0.000471
0.000041 0.000669
0.000084 0.001077
0.000192 0.001641
0.000540 0.003023
0.001082 0.004539
0.001521 0.006009
0.001272 0.005985
0.001305 0.007229
0.000914 0.006266
0.000936 0.007626
0.000954 0.009222
0.001110 0.011491
0.001065 0.011369
0.000840 0.009553
0.000965 0.008627
0.000435 0.003558
0.000526 0.003913
0.000416 0.003100
0.000421 0.002981
0.000322 0.002278
0.000258 0.002249
0.000219 0.001876
0.000186 0.001817
0.000116 0.001185
0.000108 0.001017
0.000065 0.000693
0.000064 0.000678
0.000059 0.000590
0.000047 0.000531
0.000074 0.000818
0.000133 0.001466
0.000216 0.002775
0.000686 0.005219
0.000398 0.002918
0.000331 0.003049
0.000513 0.003688
0.001913 0.012779
0.003129 0.013985
0.001340 0.005717
0.491283 0.370634
0.006738 0.010986
0.002340 0.007065
0.000796 0.002752
0.000131 0.000707
0.000077 0.000496
0.000029 0.000221
0.000026 0.000210
0.000012 0.000187
0.000017 0.000182
0.000014 0.000156
0.000024 0.000233
0.000053 0.000636
0.000035 0.000439
0.000027 0.000400
0.000026 0.000422
0.000060 0.000833
0.000172 0.001873
0.000374 0.003487
0.000848 0.005979
0.001207 0.007179
0.002298 0.013605
0.002060 0.013145
0.002048 0.016293
0.002097 0.019965
0.001883 0.019334
0.001387 0.013641
0.001951 0.016066
0.002548 0.015238
0.004016 0.021564
0.006049 0.030011
0.007450 0.034566
0.008966 0.036035
0.012214 0.051774
0.011098 0.054860
0.011431 0.069273
0.011013 0.071490
0.015415 0.085218
0.018097 0.094523
0.017899 0.104531
0.016748 0.104749
0.015321 0.103058
0.010679 0.072804
0.009476 0.058278
0.008701 0.040032
0.005409 0.026585
0.003462 0.017582
0.002664 0.014843
0.002195 0.013428
0.001886 0.013603
0.001502 0.012685
0.001425 0.011622
0.001474 0.009923
0.001514 0.007492
0.001485 0.005917
0.001001 0.004279
0.000631 0.003093
0.000391 0.002063
0.000292 0.001476
0.000223 0.001169
0.000150 0.000909
0.000083 0.000603
0.000064 0.000599
0.000048 0.000513
0.000048 0.000484
0.000056 0.000526
0.000066 0.000580
0.000068 0.000572
0.000066 0.000531
0.000046 0.000363
0.000042 0.000325
0.000034 0.000274
0.000026 0.000226
0.000017 0.000147
0.000015 0.000128
0.000014 0.000115
0.000023 0.000158
0.000032 0.000205
0.000027 0.000186
0.000030 0.000210
0.000037 0.000242
0.000035 0.000235
0.000040 0.000277
0.000044 0.000317
0.000048 0.000333
0.000062 0.000394
0.000079 0.000455
0.000082 0.000517
0.000072 0.000499
0.000063 0.000442
0.000073 0.000477
0.000079 0.000511
0.000083 0.000552
0.000068 0.000512
0.000062 0.000477
0.000067 0.000493
0.000074 0.000518
0.000077 0.000554
0.000074 0.000561
0.000073 0.000575
0.000076 0.000578
0.000082 0.000622
0.000102 0.000708
0.000101 0.000689
0.000085 0.000595
0.000072 0.000512
0.000069 0.000474
0.000063 0.000430
0.000056 0.000373
0.000048 0.000332
0.000040 0.000300
0.000032 0.000253
0.000034 0.000270
0.000033 0.000268
0.000041 0.000325
0.000045 0.000354
0.000061 0.000433
0.000078 0.000503
0.000102 0.000624
0.000090 0.000515
0.000088 0.000495
0.000079 0.000456
0.000069 0.000417
0.000048 0.000291
0.000039 0.000252
0.000035 0.000218
0.000025 0.000160
0.000029 0.000185
0.000027 0.000180
0.000032 0.000223
0.000036 0.000246
0.000032 0.000233
0.000035 0.000246
0.000040 0.000287
0.000040 0.000288
0.000042 0.000305
0.000037 0.000270
0.000050 0.000339
0.000050 0.000344
0.000047 0.000326
0.000045 0.000326
0.000051 0.000370
0.000062 0.000428
0.000070 0.000472
0.000069 0.000477
0.000069 0.000486
0.000079 0.000528
0.000095 0.000596
0.000090 0.000558
0.000087 0.000557
0.000090 0.000589
