0.003958 0.014131
0.004660 0.015929
0.004114 0.014717
0.004201 0.015399
0.004266 0.015690
0.004066 0.015291
0.004287 0.016026
0.004488 0.017206
0.004631 0.017506
0.004909 0.018955
0.005071 0.019745
0.005715 0.022149
0.006428 0.024960
0.006751 0.025921
0.007591 0.029433
0.008019 0.032693
0.009358 0.038480
0.009651 0.043261
0.011232 0.052085
0.013903 0.065755
0.018936 0.084603
0.025696 0.118739
0.029274 0.150559
0.033466 0.187537
0.042552 0.240883
0.066037 0.340368
0.083804 0.432544
0.103746 0.472172
0.137168 0.487108
0.177881 0.470951
0.226287 0.446059
0.263975 0.418719
0.288498 0.398690
0.293122 0.367903
0.239735 0.367009
0.145436 0.357086
0.080459 0.365320
0.040663 0.364947
0.020986 0.378376
0.010854 0.379528
0.006279 0.362120
0.003414 0.314484
0.001778 0.247061
0.000745 0.140196
0.000306 0.061113
0.000122 0.021931
0.000061 0.007865
0.000038 0.003158
0.000027 0.001551
0.000023 0.000915
0.000017 0.000494
0.000016 0.000383
0.000012 0.000270
0.000010 0.000209
0.000009 0.000171
0.000008 0.000143
0.000008 0.000134
0.000008 0.000127
0.000008 0.000123
0.000008 0.000124
0.000008 0.000121
0.000009 0.000130
0.000010 0.000140
0.000010 0.000142
0.000011 0.000155
0.000011 0.000158
0.000013 0.000178
0.000014 0.000195
0.000015 0.000210
0.000017 0.000226
0.000018 0.000243
0.000020 0.000268
0.000020 0.000263
0.000021 0.000279
0.000022 0.000289
0.000023 0.000305
0.000022 0.000300
0.000021 0.000286
0.000020 0.000274
0.000018 0.000246
0.000016 0.000233
0.000015 0.000219
0.000015 0.000214
0.000014 0.000211
0.000014 0.000213
0.000014 0.000203
0.000015 0.000216
0.000014 0.000208
0.000014 0.000212
0.000014 0.000210
0.000015 0.000212
0.000014 0.000208
0.000015 0.000214
0.000013 0.000184
0.000013 0.000185
0.000014 0.000192
0.000013 0.000183
0.000012 0.000170
0.000013 0.000168
0.000013 0.000167
0.000006 0.000081
0.000006 0.000085
0.000005 0.000072
0.000004 0.000062
0.000004 0.000063
0.000003 0.000060
0.000004 0.000063
0.000003 0.000062
0.000003 0.000062
0.000003 0.000064
0.000002 0.000057
0.000002 0.000060
0.000002 0.000073
0.000003 0.000104
0.000005 0.000196
0.000010 0.000315
0.000029 0.000989
0.000112 0.003297
0.000385 0.010059
0.000808 0.019536
0.002814 0.047913
0.004614 0.055702
0.007896 0.059974
0.007415 0.063151
0.010034 0.071964
0.018157 0.079166
0.024372 0.063716
0.078718 0.177963
0.167788 0.281399
0.205417 0.374805
0.158732 0.340885
0.136401 0.310213
0.159523 0.413947
0.135075 0.297893
0.066265 0.380365
0.091825 0.370083
0.016735 0.236110
0.009563 0.425445
0.002510 0.073438
0.004232 0.069948
0.005697 0.059515
0.002593 0.018414
0.964626 0.906150
0.004241 0.004721
0.000367 0.003718
0.000288 0.002317
0.000032 0.000747
0.000045 0.000346
0.000142 0.000922
0.000097 0.000290
0.000046 0.000362
0.000054 0.000312
0.000038 0.000278
0.000031 0.000150
0.000050 0.000479
0.000005 0.000100
0.000026 0.000474
0.000069 0.001099
0.000053 0.000856
0.000029 0.000223
0.000033 0.000169
0.000048 0.000191
0.000043 0.000172
0.000019 0.000142
0.000034 0.000275
0.000019 0.000139
0.000021 0.000178
0.000016 0.000129
0.000023 0.000241
0.000011 0.000165
0.000012 0.000230
0.000033 0.000746
0.000007 0.000187
0.000004 0.000159
0.000006 0.000166
0.000059 0.000927
0.000253 0.002576
0.000254 0.003043
0.955636 0.902352
0.001099 0.001819
0.000016 0.000224
0.000016 0.000138
0.000006 0.000112
0.000008 0.000097
0.000007 0.000080
0.000015 0.000110
0.000005 0.000076
0.000015 0.000072
0.000005 0.000029
0.000009 0.000062
0.000016 0.000246
0.000016 0.000289
0.000046 0.000877
0.000055 0.000956
0.000055 0.000991
0.000034 0.000438
0.000012 0.000204
0.000002 0.000046
0.000003 0.000029
0.000005 0.000040
0.000006 0.000042
0.000002 0.000019
0.000003 0.000026
0.000010 0.000089
0.000009 0.000112
0.000008 0.000087
0.000008 0.000192
0.000002 0.000040
0.000004 0.000130
0.000003 0.000038
0.000006 0.000087
0.000029 0.000298
0.000014 0.000126
0.979091 0.889309
0.001838 0.002300
0.000040 0.000635
0.000090 0.000507
0.000006 0.000081
0.000024 0.000160
0.000009 0.000104
0.000016 0.000085
0.000021 0.000378
0.000017 0.000221
0.000006 0.000098
0.000013 0.000172
0.000018 0.000308
0.000005 0.000122
0.000007 0.000179
0.000011 0.000257
0.000007 0.000181
0.000003 0.000057
0.000003 0.000045
0.000003 0.000045
0.000003 0.000036
0.000003 0.000037
0.000004 0.000048
0.000006 0.000060
0.000010 0.000101
0.000017 0.000158
0.000029 0.000273
0.000033 0.000367
0.000029 0.000358
0.000041 0.000535
0.000040 0.000521
0.000044 0.000487
0.000054 0.000539
0.000119 0.000985
0.000162 0.001027
0.000237 0.001235
0.000210 0.000959
0.000191 0.001019
0.000221 0.001231
0.000195 0.001317
0.000235 0.001807
0.000373 0.003232
0.000402 0.004300
0.000216 0.003417
0.000127 0.002412
0.000170 0.002558
0.000276 0.002803
0.000086 0.000943
0.000024 0.000303
0.000012 0.000146
0.000009 0.000106
0.000008 0.000093
0.000007 0.000085
0.000010 0.000135
0.000021 0.000243
0.000039 0.000331
0.000070 0.000454
0.000101 0.000597
0.000122 0.000758
0.000089 0.000604
0.000086 0.000583
0.000139 0.000768
0.000200 0.001037
0.000205 0.001179
0.000133 0.000926
0.000062 0.000562
0.000040 0.000347
0.000043 0.000301
0.000065 0.000449
0.000128 0.000877
0.000268 0.001462
0.000642 0.002297
0.002256 0.007178
0.002630 0.014750
0.000840 0.007899
0.000126 0.002063
0.000026 0.000599
0.000017 0.000388
0.000018 0.000361
0.000056 0.000942
0.000214 0.002981
0.000617 0.006784
0.001094 0.009037
0.001268 0.009463
0.000366 0.003601
0.000177 0.001923
0.000251 0.001961
0.000349 0.002255
0.000366 0.002236
0.000437 0.002523
0.000839 0.005381
0.001227 0.008739
0.001197 0.008782
0.000530 0.004723
0.000281 0.003018
0.000216 0.002483
0.000150 0.001731
0.000075 0.000820
0.000058 0.000538
0.000052 0.000378
0.000056 0.000305
0.000019 0.000133
0.000006 0.000055
0.000005 0.000045
0.000005 0.000056
0.000004 0.000049
0.000005 0.000048
0.000012 0.000080
0.000032 0.000153
0.000015 0.000095
0.000009 0.000067
0.000011 0.000104
0.000013 0.000111
0.000024 0.000145
0.000021 0.000110
0.000014 0.000064
0.000011 0.000071
0.000013 0.000075
0.000016 0.000080
0.000014 0.000088
0.000051 0.000260
0.000051 0.000248
0.000244 0.001035
0.000189 0.001632
0.000037 0.000526
0.000045 0.002091
0.000081 0.001806
0.000335 0.004126
0.000415 0.004619
0.000177 0.001751
0.995600 0.974194
0.002853 0.003622
0.000076 0.000603
0.000464 0.001603
0.000043 0.000290
0.000200 0.000518
0.000165 0.000914
0.000118 0.000431
0.000060 0.000634
0.000194 0.000832
0.000086 0.000491
0.000038 0.000396
0.000050 0.000876
0.000015 0.000310
0.000035 0.000738
0.000029 0.000453
0.000023 0.000492
0.000018 0.000241
0.000017 0.000209
0.000013 0.000178
0.000014 0.000149
0.000016 0.000154
0.000020 0.000185
0.000011 0.000114
0.000011 0.000118
0.000010 0.000097
0.000013 0.000136
0.000012 0.000116
0.000011 0.000105
0.000013 0.000116
0.000016 0.000138
0.000014 0.000123
0.000015 0.000126
0.000019 0.000152
0.000021 0.000166
0.000020 0.000158
0.000019 0.000145
0.000024 0.000184
0.000025 0.000188
0.000019 0.000142
0.000018 0.000142
0.000018 0.000149
0.000016 0.000138
0.000012 0.000105
0.000012 0.000101
0.000014 0.000109
0.000016 0.000115
0.000011 0.000093
0.000012 0.000093
0.000014 0.000103
0.000013 0.000087
0.000016 0.000124
0.000013 0.000110
0.000008 0.000082
0.000004 0.000042
0.000004 0.000039
0.000005 0.000046
0.000002 0.000015
0.000004 0.000025
0.000003 0.000020
0.000007 0.000042
0.000009 0.000038
0.000021 0.000113
0.000098 0.000540
0.000011 0.000090
0.000009 0.000179
0.000008 0.000104
0.000069 0.000668
0.000220 0.001829
0.000071 0.000559
0.978198 0.930394
0.004018 0.002262
0.000019 0.000153
0.000043 0.000124
0.000011 0.000047
0.000052 0.000181
0.000010 0.000067
0.000009 0.000041
0.000006 0.000123
0.000023 0.000113
0.000018 0.000107
0.000024 0.000195
0.000102 0.000857
0.000033 0.000455
0.000052 0.000795
0.000048 0.000909
0.000067 0.001357
0.000058 0.000621
0.000029 0.000353
0.000014 0.000178
0.000007 0.000079
0.000013 0.000127
0.000014 0.000145
0.000007 0.000075
0.000004 0.000047
0.000004 0.000037
0.000004 0.000044
0.000003 0.000034
0.000003 0.000025
0.000004 0.000032
0.000004 0.000031
0.000004 0.000029
0.000004 0.000026
0.000007 0.000039
0.000005 0.000030
0.000005 0.000033
0.000005 0.000028
0.000006 0.000039
0.000007 0.000049
0.000007 0.000046
0.000009 0.000060
0.000011 0.000068
0.000009 0.000062
0.000010 0.000065
0.000015 0.000091
0.000015 0.000091
0.000017 0.000103
0.000014 0.000091
0.000018 0.000118
0.000018 0.000117
0.000020 0.000121
0.000019 0.000115
0.000023 0.000136
0.000027 0.000154
0.000030 0.000173
0.000030 0.000177
0.000032 0.000197
0.000031 0.000202
0.000033 0.000218
0.000032 0.000217
0.000038 0.000241
0.000043 0.000254
0.000049 0.000274
0.000053 0.000287
0.000047 0.000252
0.000042 0.000220
0.000032 0.000177
0.000027 0.000159
0.000021 0.000132
0.000019 0.000124
0.000020 0.000131
0.000023 0.000146
0.000021 0.000129
0.000022 0.000133
0.000023 0.000134
0.000023 0.000137
0.000016 0.000106
0.000014 0.000101
0.000013 0.000097
0.000015 0.000115
0.000013 0.000094
0.000019 0.000120
0.000023 0.000129
0.000041 0.000183
0.000033 0.000151
0.000026 0.000144
0.000021 0.000120
0.000011 0.000073
0.000013 0.000080
0.000012 0.000073
0.000015 0.000099
0.000017 0.000110
0.000016 0.000106
0.000018 0.000116
0.000028 0.000159
0.000032 0.000170
0.000036 0.000186
0.000030 0.000158
0.000035 0.000191
0.000033 0.000182
0.000029 0.000165
0.000027 0.000156
0.000026 0.000162
0.000027 0.000169
0.000029 0.000186
0.000031 0.000205
0.000036 0.000244
0.000043 0.000282
0.000055 0.000344
0.000059 0.000361
0.000065 0.000379
0.000058 0.000343
0.000052 0.000319
0.000040 0.000262
0.000033 0.000227
0.000030 0.000205
0.000027 0.000190
0.000029 0.000188
0.000029 0.000181
0.000030 0.000188
0.000028 0.000178
0.000028 0.000179
0.000022 0.000146
0.000023 0.000151
0.000023 0.000148
0.000024 0.000154
0.000023 0.000145
0.000025 0.000156
0.000028 0.000167
0.000038 0.000214
0.000034 0.000191
0.000035 0.000197
0.000034 0.000197
0.000034 0.000202
0.000025 0.000152
0.000028 0.000161
0.000030 0.000151
0.000013 0.000084
0.000018 0.000102
0.000021 0.000108
0.000032 0.000154
0.000035 0.000170
0.000027 0.000144
0.000029 0.000154
0.000046 0.000237
0.000037 0.000218
0.000040 0.000252
0.000032 0.000217
0.000044 0.000295
0.000044 0.000281
0.000040 0.000253
0.000038 0.000230
0.000037 0.000228
0.000036 0.000213
0.000034 0.000206
0.000032 0.000206
0.000025 0.000176
0.000025 0.000170
0.000023 0.000164
0.000021 0.000152
0.000017 0.000127
0.000018 0.000132
0.000018 0.000134
0.000022 0.000154
0.000017 0.000102
0.000016 0.000103
0.000015 0.000097
0.000015 0.000097
0.000010 0.000061
0.000011 0.000066
0.000011 0.000062
0.000011 0.000056
0.000006 0.000033
0.000007 0.000033
0.000006 0.000032
0.000007 0.000035
0.000008 0.000044
0.000007 0.000037
0.000007 0.000043
0.000004 0.000035
0.000008 0.000060
0.000013 0.000054
0.000012 0.000059
0.000009 0.000035
0.000005 0.000025
0.000011 0.000050
0.000004 0.000030
0.000001 0.000014
0.000003 0.000036
0.000000 0.000009
0.000000 0.000029
0.000001 0.000021
0.000002 0.000047
0.000022 0.000302
0.000044 0.000314
0.972753 0.895125
0.005138 0.003041
0.000042 0.000365
0.000047 0.000352
0.000008 0.000123
0.000008 0.000144
0.000003 0.000084
0.000007 0.000105
0.000041 0.000592
0.000076 0.000729
0.000058 0.000514
0.000086 0.000394
0.000300 0.001226
0.000101 0.000548
0.000019 0.000243
0.000014 0.000316
0.000028 0.000606
0.000068 0.001068
0.000061 0.000705
0.000190 0.001493
0.000853 0.002837
0.002624 0.005664
0.000339 0.001811
0.000044 0.000420
0.000021 0.000402
0.000018 0.000422
0.000015 0.000341
0.000005 0.000130
0.000003 0.000071
0.000003 0.000044
0.000005 0.000046
0.000007 0.000049
0.000008 0.000051
0.000010 0.000076
0.000015 0.000117
0.000012 0.000085
0.000012 0.000088
0.000027 0.000168
0.000052 0.000324
0.000036 0.000274
0.000016 0.000158
0.000012 0.000143
0.000015 0.000169
0.000036 0.000295
0.000083 0.000471
0.000334 0.001832
0.000606 0.004249
0.000386 0.004189
0.000257 0.002866
0.000216 0.002096
0.000244 0.001879
0.000256 0.001744
0.000521 0.002185
0.002337 0.006203
0.007263 0.022082
0.003523 0.018996
0.001132 0.010045
0.000347 0.003737
0.000165 0.002357
0.000179 0.002266
0.000147 0.001658
0.000310 0.002724
0.002076 0.009589
0.014579 0.032507
0.018325 0.042960
0.004554 0.025832
0.000435 0.004886
0.000040 0.000652
0.000020 0.000284
0.000028 0.000294
0.000024 0.000211
0.000012 0.000140
0.000011 0.000114
0.000014 0.000175
0.000015 0.000161
0.000015 0.000145
0.000013 0.000146
0.000018 0.000227
0.000022 0.000345
0.000017 0.000240
0.000018 0.000232
0.000029 0.000310
0.000042 0.000395
0.000044 0.000415
0.000057 0.000486
0.000118 0.000730
0.000466 0.002285
0.000177 0.001456
0.000035 0.000605
0.000014 0.000300
0.000012 0.000235
0.000017 0.000230
0.000042 0.000371
0.000123 0.000823
0.000133 0.000909
0.000055 0.000424
0.000020 0.000165
0.000007 0.000085
0.000004 0.000061
0.000003 0.000041
0.000003 0.000028
0.000002 0.000022
0.000001 0.000021
0.000002 0.000034
0.000002 0.000045
0.000004 0.000081
0.000012 0.000258
0.000034 0.000605
0.000121 0.001267
0.000571 0.003542
0.001142 0.005749
0.000724 0.003881
0.000109 0.001155
0.000039 0.000548
0.000037 0.000398
0.000072 0.000623
0.000120 0.000885
0.000159 0.001171
0.000215 0.001499
0.000260 0.001841
0.000467 0.002904
0.000754 0.005354
0.000681 0.007774
0.000285 0.005801
0.000118 0.002902
0.000081 0.001644
0.000079 0.001415
0.000073 0.001094
0.000115 0.001319
0.000135 0.001661
0.000202 0.002265
0.000165 0.002265
0.000156 0.002115
0.000161 0.001738
0.000234 0.002218
0.000252 0.002727
0.000433 0.003977
0.000499 0.004417
0.000617 0.004802
0.000420 0.003767
0.000203 0.002897
0.000087 0.001762
0.000072 0.001640
0.000085 0.001680
0.000143 0.001846
0.000388 0.003302
0.000487 0.004033
0.000244 0.002397
0.000109 0.001250
0.000071 0.001036
0.000031 0.000555
0.000013 0.000265
0.000005 0.000128
0.000003 0.000099
0.000003 0.000087
0.000003 0.000064
0.000007 0.000080
0.000037 0.000241
0.000064 0.000465
0.000033 0.000351
0.000010 0.000122
0.000006 0.000086
0.000008 0.000097
0.000009 0.000084
0.000004 0.000044
0.000002 0.000036
0.000002 0.000045
0.000002 0.000057
0.000002 0.000065
0.000003 0.000089
0.000008 0.000144
0.000023 0.000224
0.000039 0.000274
0.000057 0.000341
0.000061 0.000389
0.000054 0.000426
0.000035 0.000332
0.000019 0.000207
0.000013 0.000150
0.000010 0.000110
0.000010 0.000104
0.000012 0.000126
0.000014 0.000149
0.000013 0.000148
0.000011 0.000182
0.000016 0.000303
0.000074 0.001067
0.000423 0.002906
0.001128 0.004595
0.000377 0.001788
0.000064 0.000481
0.000010 0.000096
0.000002 0.000032
0.000002 0.000029
0.000004 0.000036
0.000008 0.000070
0.000007 0.000078
0.000010 0.000086
0.000014 0.000085
0.000030 0.000233
0.000096 0.000667
0.000015 0.000191
0.000006 0.000207
0.000004 0.000140
0.000028 0.000556
0.000114 0.001227
0.000053 0.000677
0.975025 0.888067
0.005638 0.003505
0.000040 0.000488
0.000129 0.000461
0.000016 0.000252
0.000032 0.000324
0.000013 0.000222
0.000028 0.000214
0.000012 0.000222
0.000056 0.000179
0.000027 0.000102
0.000014 0.000066
0.000016 0.000141
0.000008 0.000084
0.000011 0.000116
0.000007 0.000121
0.000013 0.000213
0.000012 0.000144
0.000007 0.000098
0.000011 0.000159
0.000010 0.000128
0.000019 0.000179
0.000030 0.000242
0.000024 0.000173
0.000022 0.000131
0.000053 0.000197
0.000138 0.000458
0.000276 0.000823
0.000247 0.000802
0.000551 0.001752
0.000687 0.002231
0.000546 0.002267
0.000182 0.001173
0.000191 0.001604
0.000182 0.001545
0.000181 0.001707
0.000319 0.002245
0.000613 0.002893
0.000851 0.004194
0.000801 0.004845
0.000412 0.002565
0.000198 0.001144
0.000245 0.001845
0.000211 0.001544
0.000183 0.001141
0.000050 0.000332
0.000119 0.000403
0.000079 0.000265
0.000048 0.000190
0.000026 0.000109
0.000008 0.000083
0.000018 0.000179
0.000014 0.000172
0.000013 0.000237
0.000051 0.001078
0.000013 0.000295
0.000040 0.001599
0.000033 0.000523
0.000211 0.001454
0.000695 0.003575
0.000319 0.002047
0.974326 0.904723
0.005156 0.006006
0.000193 0.001849
0.000953 0.003599
0.000172 0.000732
0.000221 0.000662
0.000071 0.000616
0.000034 0.000255
0.000012 0.000302
0.000018 0.000272
0.000012 0.000219
0.000026 0.000446
0.000049 0.001121
0.000050 0.000806
0.000077 0.001092
0.000037 0.000595
0.000025 0.000443
0.000015 0.000186
0.000008 0.000107
0.000004 0.000072
0.000002 0.000044
0.000002 0.000044
0.000005 0.000075
0.000012 0.000115
0.000021 0.000134
0.000040 0.000223
0.000041 0.000232
0.000023 0.000138
0.000013 0.000084
0.000008 0.000063
0.000005 0.000057
0.000005 0.000057
0.000006 0.000089
0.000010 0.000119
0.000012 0.000132
0.000011 0.000116
0.000011 0.000124
0.000017 0.000152
0.000035 0.000256
0.000039 0.000292
0.000054 0.000363
0.000062 0.000383
0.000048 0.000430
0.000055 0.000688
0.000048 0.000711
0.000064 0.000955
0.000121 0.001846
0.000260 0.003560
0.000706 0.006444
0.001889 0.013035
0.003510 0.018675
0.001921 0.013483
0.001622 0.014854
0.001345 0.015808
0.001989 0.018315
0.002784 0.023928
0.005993 0.042423
0.017583 0.085488
0.018687 0.086052
0.013837 0.061018
0.010953 0.052141
0.005928 0.042808
0.003791 0.031585
0.003913 0.024085
0.005518 0.032869
0.005554 0.038772
0.004868 0.038749
0.003542 0.029141
0.003423 0.032291
0.001536 0.019820
0.000517 0.007797
0.000444 0.004039
0.000637 0.003556
0.000305 0.001767
0.000068 0.000454
0.000042 0.000264
0.000025 0.000189
0.000009 0.000098
0.000004 0.000053
0.000002 0.000043
0.000002 0.000053
0.000002 0.000060
0.000004 0.000100
0.000012 0.000258
0.000056 0.000707
0.000131 0.000873
0.000175 0.000881
0.000262 0.001222
0.000212 0.001291
0.000088 0.000842
0.000049 0.000649
0.000044 0.000543
0.000048 0.000497
0.000082 0.000663
0.000120 0.000934
0.000255 0.001858
0.000360 0.002290
0.000711 0.004209
0.001481 0.008593
0.000563 0.005879
0.000072 0.001328
0.000026 0.000457
0.000035 0.000517
0.000054 0.000701
0.000060 0.000851
0.000119 0.001768
0.000366 0.003857
0.000679 0.006229
0.000862 0.008229
0.000841 0.007129
0.000555 0.005491
0.000211 0.002746
0.000116 0.002147
0.000108 0.002167
0.000177 0.002885
0.000263 0.003157
0.000568 0.005724
0.001104 0.007891
0.003093 0.014805
0.012075 0.039843
0.011410 0.050519
0.002751 0.027155
0.000583 0.010536
0.000255 0.005003
0.000229 0.002882
0.000237 0.002660
0.000128 0.001496
0.000071 0.000998
0.000063 0.001116
0.000099 0.001638
0.000206 0.002231
0.000314 0.002566
0.000652 0.003835
0.001818 0.009453
0.000493 0.004820
0.000109 0.001376
0.000039 0.000479
0.000017 0.000240
0.000014 0.000178
0.000022 0.000290
0.000040 0.000602
0.000119 0.001198
0.000503 0.002524
0.000921 0.003813
0.001011 0.004018
0.000565 0.002296
0.000332 0.001402
0.000223 0.001143
0.000166 0.001009
0.000155 0.001028
0.000148 0.000944
0.000205 0.001191
0.000282 0.001276
0.000265 0.001128
0.000116 0.000669
0.000046 0.000384
0.000030 0.000284
0.000032 0.000285
0.000030 0.000252
0.000018 0.000160
0.000012 0.000118
0.000007 0.000078
0.000010 0.000091
0.000012 0.000104
0.000014 0.000119
0.000010 0.000090
0.000007 0.000078
0.000007 0.000080
0.000010 0.000104
0.000010 0.000100
0.000008 0.000087
0.000007 0.000077
0.000009 0.000086
0.000012 0.000098
0.000011 0.000079
0.000020 0.000110
0.000020 0.000120
0.000013 0.000100
0.000008 0.000071
0.000004 0.000050
0.000003 0.000044
0.000002 0.000041
0.000003 0.000043
0.000004 0.000062
0.000007 0.000087
0.000014 0.000142
0.000022 0.000204
0.000046 0.000378
0.000120 0.000892
0.000128 0.001166
0.000057 0.000749
0.000046 0.000678
0.000061 0.000806
0.000092 0.001151
0.000195 0.002549
0.000535 0.005795
0.001435 0.012207
0.002112 0.016341
0.001452 0.014135
0.001051 0.008966
0.000944 0.006546
0.000890 0.004633
0.000868 0.004754
0.000517 0.004564
0.000496 0.007267
0.000943 0.016271
0.004958 0.055204
0.011832 0.105031
0.005524 0.082309
0.000739 0.014337
0.000211 0.003671
0.000078 0.001051
0.000037 0.000457
0.000016 0.000251
0.000009 0.000166
0.000006 0.000141
0.000008 0.000208
0.000012 0.000309
0.000017 0.000338
0.000039 0.000481
0.000196 0.001412
0.000399 0.002405
0.000120 0.001071
0.000095 0.000842
0.000090 0.000791
0.000055 0.000705
0.000019 0.000357
0.000015 0.000301
0.000017 0.000269
0.000018 0.000275
0.000015 0.000187
0.000016 0.000162
0.000014 0.000130
0.000013 0.000121
0.000010 0.000093
0.000006 0.000069
0.000004 0.000059
0.000003 0.000050
0.000004 0.000070
0.000005 0.000099
0.000006 0.000112
0.000008 0.000114
0.000022 0.000239
0.000065 0.000603
0.000107 0.000830
0.000213 0.001215
0.000869 0.003961
0.004612 0.021840
0.007089 0.033081
0.001787 0.016443
0.000351 0.005917
0.000446 0.006267
0.000838 0.008886
0.000786 0.007533
0.000657 0.005930
0.000480 0.004000
0.000246 0.002475
0.000071 0.000967
0.000038 0.000703
0.000023 0.000371
0.000027 0.000306
0.000034 0.000345
0.000044 0.000404
0.000084 0.000637
0.000205 0.001172
0.000905 0.003929
0.004755 0.017940
0.001698 0.011242
0.000197 0.002378
0.000032 0.000399
0.000018 0.000221
0.000009 0.000144
0.000007 0.000174
0.000013 0.000247
0.000034 0.000356
0.000360 0.001590
0.000976 0.003283
0.000396 0.001972
0.000064 0.000487
0.000017 0.000163
0.000011 0.000094
0.000009 0.000076
0.000005 0.000046
0.000004 0.000032
0.000003 0.000033
0.000004 0.000042
0.000004 0.000046
0.000005 0.000069
0.000011 0.000171
0.000026 0.000381
0.000063 0.000666
0.000144 0.001120
0.000186 0.001178
0.000153 0.000939
0.000131 0.000895
0.000100 0.000830
0.000059 0.000570
0.000035 0.000366
0.000033 0.000344
0.000045 0.000424
0.000071 0.000539
0.000085 0.000595
0.000139 0.000850
0.000119 0.000786
0.000040 0.000390
0.000015 0.000179
0.000012 0.000162
0.000012 0.000173
0.000014 0.000192
0.000018 0.000207
0.000043 0.000385
0.000096 0.000660
0.000173 0.000928
0.000235 0.000922
0.000166 0.000774
0.000044 0.000336
0.000020 0.000208
0.000013 0.000146
0.000011 0.000128
0.000009 0.000119
0.000015 0.000173
0.000027 0.000317
0.000045 0.000554
0.000060 0.000698
0.000040 0.000407
0.000111 0.000933
0.000189 0.001347
0.000264 0.001454
0.000260 0.001242
0.000562 0.002017
0.000686 0.002147
0.000219 0.001500
0.000118 0.001290
0.000063 0.000767
0.000025 0.000386
0.000017 0.000356
0.000020 0.000580
0.000039 0.001053
0.000117 0.002458
0.000805 0.004248
0.001490 0.006093
0.001407 0.006208
0.000527 0.004067
0.000258 0.002347
0.000136 0.001284
0.000025 0.000197
0.000020 0.000209
0.000025 0.000219
0.000004 0.000071
0.000003 0.000177
0.000007 0.000168
0.000052 0.001061
0.000167 0.003049
0.000136 0.001055
0.985472 0.927255
0.000786 0.001258
0.000042 0.000431
0.000161 0.000983
0.000053 0.000730
0.000361 0.002005
0.000366 0.002661
0.000223 0.001136
0.000189 0.002031
0.000143 0.000570
0.000147 0.000844
0.000073 0.000655
0.000323 0.003446
0.000128 0.002322
0.000152 0.003084
0.000211 0.003344
0.000116 0.002323
0.000099 0.001149
0.000119 0.001208
0.000057 0.000602
0.000028 0.000225
0.000023 0.000167
0.000016 0.000164
0.000007 0.000079
0.000010 0.000080
0.000004 0.000034
0.000013 0.000130
0.000008 0.000071
0.000020 0.000200
0.000058 0.000599
0.000005 0.000075
0.000006 0.000179
0.000006 0.000123
0.000125 0.000922
0.000198 0.000866
0.000131 0.000784
0.986681 0.953051
0.000685 0.000816
0.000006 0.000057
0.000027 0.000127
0.000007 0.000029
0.000054 0.000143
0.000011 0.000051
0.000047 0.000076
0.000009 0.000125
0.000038 0.000131
0.000006 0.000048
0.000004 0.000029
0.000009 0.000089
0.000002 0.000026
0.000006 0.000060
0.000006 0.000081
0.000025 0.000276
0.000009 0.000052
0.000017 0.000080
0.000005 0.000029
0.000002 0.000012
0.000003 0.000013
0.000004 0.000018
0.000002 0.000008
0.000001 0.000004
0.000001 0.000004
0.000001 0.000012
0.000004 0.000024
0.000006 0.000025
0.000003 0.000023
0.000005 0.000019
0.000002 0.000016
0.000014 0.000082
0.000001 0.000010
0.000011 0.000078
0.000015 0.000095
0.000005 0.000061
0.000001 0.000057
0.000004 0.000082
0.000009 0.000197
0.000105 0.001607
0.000096 0.001077
0.979553 0.933796
0.003759 0.003429
0.000296 0.002287
0.000543 0.004530
0.000153 0.002712
0.000535 0.003246
0.000905 0.008583
0.000928 0.011239
0.002013 0.021494
0.002477 0.026737
0.001814 0.016412
0.001824 0.017711
0.001731 0.017775
0.001248 0.036390
0.000701 0.019227
0.000835 0.023719
0.001399 0.038346
0.001308 0.021150
0.001028 0.014771
0.001578 0.019222
0.001748 0.018582
0.001302 0.016397
0.001582 0.018737
0.001316 0.018698
0.001290 0.021507
0.001412 0.020694
0.001178 0.015904
0.000500 0.007463
0.000164 0.002784
0.000071 0.001114
0.000056 0.000793
0.000044 0.000603
0.000040 0.000560
0.000035 0.000527
0.000034 0.000568
0.000032 0.000571
0.000043 0.000664
0.000052 0.000709
0.000063 0.000697
0.000044 0.000453
0.000044 0.000424
0.000048 0.000438
0.000108 0.000937
0.000116 0.001010
0.000103 0.000895
0.000115 0.000961
0.000145 0.001045
0.000182 0.001278
0.000296 0.001958
0.000481 0.003369
0.000646 0.004649
0.000763 0.006090
0.000777 0.006928
0.000796 0.007481
0.000615 0.006053
0.000491 0.004824
0.000387 0.003739
0.000280 0.002679
0.000180 0.001632
0.000142 0.001337
0.000091 0.000894
0.000065 0.000680
0.000036 0.000397
0.000029 0.000341
0.000020 0.000231
0.000019 0.000199
0.000012 0.000121
0.000010 0.000096
0.000010 0.000075
0.000008 0.000050
0.000008 0.000051
0.000007 0.000046
0.000006 0.000049
0.000003 0.000029
0.000006 0.000041
0.000004 0.000030
0.000003 0.000021
0.000005 0.000026
0.000001 0.000016
0.000003 0.000040
0.000003 0.000025
0.000010 0.000073
0.000015 0.000100
0.000002 0.000029
0.000001 0.000035
0.000002 0.000039
0.000005 0.000081
0.000045 0.000789
0.000017 0.000225
0.988095 0.925724
0.000293 0.000256
0.000002 0.000021
0.000006 0.000029
0.000001 0.000015
0.000004 0.000026
0.000005 0.000066
0.000005 0.000031
0.000003 0.000062
0.000003 0.000016
0.000002 0.000026
0.000003 0.000040
0.000005 0.000110
0.000007 0.000152
0.000083 0.001347
0.000652 0.005859
0.001361 0.010678
0.001394 0.008704
0.000568 0.004239
0.000454 0.005555
0.000077 0.001334
0.000047 0.001343
0.000046 0.001197
0.000066 0.001484
0.000132 0.002140
0.000187 0.001945
0.000356 0.003087
0.000454 0.004092
0.000389 0.003916
0.000197 0.002754
0.000176 0.002293
0.000230 0.002381
0.000328 0.002988
0.000528 0.003995
0.000609 0.004288
0.000855 0.006200
0.000909 0.009263
0.000777 0.011301
0.000406 0.008901
0.000141 0.003610
0.000079 0.001346
0.000084 0.000948
0.000064 0.000542
0.000050 0.000402
0.000046 0.000436
0.000059 0.000573
0.000064 0.000579
0.000101 0.000802
0.000146 0.001355
0.000226 0.002131
0.000351 0.003040
0.000621 0.005077
0.001123 0.009033
0.000703 0.005349
0.000402 0.002652
0.000431 0.002039
0.000777 0.003754
0.000842 0.005091
0.001318 0.008556
0.002059 0.014071
0.002208 0.016192
0.001852 0.011346
0.000944 0.004354
0.000292 0.002343
0.000148 0.001819
0.000101 0.001295
0.000180 0.002222
0.000915 0.005371
0.000556 0.003996
0.000082 0.001149
0.000011 0.000228
0.000005 0.000131
0.000012 0.000259
0.000028 0.000394
0.000044 0.000578
0.000112 0.000855
0.000292 0.001097
0.000122 0.000473
0.000015 0.000097
0.000003 0.000029
0.000002 0.000019
0.000001 0.000018
0.000001 0.000013
0.000001 0.000009
0.000001 0.000010
0.000002 0.000023
0.000008 0.000063
0.000041 0.000216
0.000296 0.000955
0.000439 0.001452
0.000190 0.000742
0.000056 0.000330
0.000012 0.000119
0.000004 0.000042
0.000001 0.000012
0.000001 0.000020
0.000002 0.000024
0.000003 0.000035
0.000004 0.000068
0.000020 0.000145
0.000037 0.000188
0.000095 0.000369
0.000065 0.000176
0.000015 0.000062
0.000059 0.000293
0.000007 0.000050
0.000026 0.000184
0.000033 0.000207
0.000003 0.000059
0.000001 0.000036
0.000003 0.000098
0.000009 0.000174
0.000051 0.000856
0.000064 0.000611
0.983979 0.916410
0.000405 0.000838
0.000005 0.000101
0.000006 0.000102
0.000005 0.000103
0.000045 0.000314
0.000058 0.000511
0.000184 0.001387
0.000136 0.001029
0.000561 0.001209
0.000263 0.000818
0.001029 0.002142
0.002628 0.007904
0.000934 0.004517
0.000754 0.004192
0.000566 0.004734
0.001502 0.013204
0.000447 0.003066
0.000461 0.005405
0.000698 0.012560
0.000135 0.004718
0.000160 0.012595
0.000088 0.002602
0.000238 0.002867
0.000463 0.006666
0.000159 0.001618
0.976177 0.899062
0.006053 0.006966
0.000133 0.001226
0.000309 0.001537
0.000035 0.000506
0.000064 0.000413
0.000019 0.000209
0.000012 0.000088
0.000035 0.000640
0.000043 0.000326
0.000013 0.000154
0.000005 0.000087
0.000003 0.000097
0.000002 0.000044
0.000003 0.000077
0.000003 0.000080
0.000005 0.000125
0.000009 0.000118
0.000005 0.000056
0.000002 0.000037
0.000001 0.000018
0.000001 0.000013
0.000001 0.000017
0.000001 0.000015
0.000002 0.000028
0.000005 0.000059
0.000030 0.000212
0.000080 0.000323
0.000023 0.000127
0.000003 0.000026
0.000001 0.000010
0.000001 0.000006
0.000000 0.000004
0.000000 0.000005
0.000000 0.000005
0.000001 0.000008
0.000001 0.000011
0.000001 0.000021
0.000003 0.000038
0.000006 0.000089
0.000009 0.000164
0.000013 0.000227
0.000008 0.000137
0.000009 0.000100
0.000017 0.000157
0.000027 0.000216
0.000015 0.000134
0.000010 0.000093
0.000011 0.000093
0.000012 0.000112
0.000006 0.000052
0.000006 0.000042
0.000008 0.000053
0.000018 0.000083
0.000013 0.000076
0.000019 0.000152
0.000041 0.000447
0.000021 0.000181
0.000007 0.000160
0.000011 0.000141
0.000021 0.000304
0.000092 0.001114
0.000030 0.000341
0.957345 0.885827
0.001661 0.001234
0.000025 0.000229
0.000065 0.000272
0.000014 0.000176
0.000038 0.000398
0.000026 0.000438
0.000048 0.000595
0.000016 0.000389
0.000056 0.000266
0.000058 0.000151
0.000035 0.000184
0.000027 0.000361
0.000010 0.000189
0.000016 0.000221
0.000020 0.000321
0.000020 0.000302
0.000033 0.000309
0.000013 0.000152
0.000015 0.000183
0.000009 0.000102
0.000018 0.000165
0.000019 0.000144
0.000008 0.000054
0.000008 0.000070
0.000008 0.000057
0.000008 0.000071
0.000004 0.000046
0.000019 0.000114
0.000036 0.000187
0.000047 0.000214
0.000018 0.000075
0.000008 0.000040
0.000026 0.000140
0.000026 0.000127
0.000033 0.000219
0.000048 0.000421
0.000008 0.000115
0.000014 0.000442
0.000005 0.000110
0.000015 0.000289
0.000092 0.001598
0.000030 0.000571
0.986256 0.924366
0.006148 0.006286
0.000075 0.000801
0.000183 0.000774
0.000017 0.000171
0.000038 0.000165
0.000023 0.000217
0.000015 0.000095
0.000020 0.000332
0.000026 0.000376
0.000032 0.000388
0.000033 0.000333
0.000084 0.000827
0.000023 0.000423
0.000030 0.000603
0.000017 0.000376
0.000008 0.000210
0.000004 0.000075
0.000004 0.000078
0.000004 0.000082
0.000003 0.000058
0.000004 0.000089
0.000007 0.000111
0.000010 0.000111
0.000008 0.000098
0.000003 0.000060
0.000003 0.000058
0.000002 0.000046
0.000003 0.000043
0.000004 0.000045
0.000004 0.000046
0.000003 0.000028
0.000002 0.000023
0.000003 0.000026
0.000002 0.000021
0.000001 0.000017
0.000001 0.000018
0.000001 0.000019
0.000002 0.000023
0.000002 0.000026
0.000003 0.000033
0.000009 0.000073
0.000021 0.000129
0.000030 0.000146
0.000018 0.000092
0.000017 0.000119
0.000015 0.000107
0.000014 0.000121
0.000007 0.000088
0.000011 0.000133
0.000014 0.000148
0.000033 0.000269
0.000053 0.000326
0.000075 0.000570
0.000135 0.000829
0.000071 0.000504
0.000300 0.001720
0.000215 0.001650
0.000028 0.000381
0.000023 0.000586
0.000033 0.000582
0.000127 0.001536
0.000245 0.002529
0.000053 0.000584
0.980650 0.934933
0.000681 0.000955
0.000013 0.000114
0.000026 0.000125
0.000011 0.000123
0.000023 0.000220
0.000012 0.000185
0.000042 0.000372
0.000019 0.000336
0.000036 0.000214
0.000012 0.000087
0.000013 0.000141
0.000034 0.000536
0.000016 0.000301
0.000047 0.000502
0.000096 0.001319
0.000160 0.002086
0.000167 0.001152
0.000265 0.001558
0.000368 0.003031
0.000106 0.001544
0.000016 0.000402
0.000036 0.000596
0.000019 0.000287
0.000008 0.000113
0.000004 0.000036
0.000003 0.000038
0.000012 0.000161
0.000008 0.000086
0.000037 0.000468
0.000099 0.001375
0.000030 0.000366
0.000028 0.000547
0.000020 0.000310
0.000134 0.000911
0.000218 0.001556
0.000029 0.000298
0.990547 0.963111
0.001019 0.001422
0.000130 0.001488
0.000196 0.001751
0.000024 0.000584
0.000322 0.003082
0.000308 0.003517
0.000142 0.001152
0.000066 0.001565
0.000043 0.000777
0.000016 0.000319
0.000023 0.000233
0.000032 0.000312
0.000006 0.000120
0.000008 0.000118
0.000005 0.000077
0.000004 0.000064
0.000002 0.000022
0.000002 0.000024
0.000002 0.000028
0.000003 0.000035
0.000004 0.000044
0.000016 0.000088
0.000072 0.000232
0.000158 0.000506
0.000044 0.000216
0.000025 0.000176
0.000014 0.000149
0.000005 0.000093
0.000003 0.000045
0.000002 0.000031
0.000002 0.000027
0.000001 0.000020
0.000002 0.000031
0.000004 0.000054
0.000007 0.000092
0.000014 0.000173
0.000036 0.000292
0.000075 0.000456
0.000061 0.000397
0.000037 0.000258
0.000029 0.000202
0.000047 0.000263
0.000023 0.000133
0.000013 0.000073
0.000013 0.000080
0.000016 0.000083
0.000016 0.000072
0.000018 0.000086
0.000025 0.000118
0.000037 0.000170
0.000031 0.000160
0.000017 0.000105
0.000009 0.000056
0.000029 0.000168
0.000010 0.000057
0.000012 0.000074
0.000016 0.000128
0.000001 0.000024
0.000001 0.000038
0.000002 0.000064
0.000002 0.000062
0.000013 0.000287
0.000007 0.000149
0.977081 0.900625
0.001030 0.000829
0.000014 0.000105
0.000014 0.000062
0.000004 0.000052
0.000016 0.000130
0.000040 0.000411
0.000016 0.000169
0.000006 0.000140
0.000028 0.000122
0.000035 0.000118
0.000040 0.000151
0.000112 0.000633
0.000122 0.000772
0.000299 0.002170
0.000120 0.001325
0.000064 0.000680
0.000032 0.000199
0.000019 0.000099
0.000018 0.000103
0.000010 0.000060
0.000011 0.000072
0.000019 0.000098
0.000019 0.000098
0.000015 0.000114
0.000016 0.000127
0.000017 0.000163
0.000018 0.000140
0.000025 0.000164
0.000042 0.000212
0.000043 0.000197
0.000023 0.000099
0.000014 0.000054
0.000016 0.000053
0.000015 0.000048
0.000009 0.000035
0.000005 0.000024
0.000004 0.000028
0.000003 0.000023
0.000004 0.000026
0.000007 0.000049
0.000026 0.000138
0.000024 0.000110
0.000101 0.000342
0.000297 0.000719
0.000454 0.001382
0.000055 0.000335
0.000009 0.000137
0.000002 0.000034
0.000002 0.000030
0.000001 0.000015
0.000003 0.000057
0.000005 0.000080
0.000048 0.000327
0.000048 0.000189
0.000071 0.000283
0.000040 0.000233
0.000016 0.000121
0.000008 0.000083
0.000017 0.000279
0.000006 0.000066
0.000018 0.000395
0.000008 0.000117
0.000114 0.001148
0.000230 0.002171
0.000053 0.000573
0.984280 0.919397
0.004894 0.005516
0.000021 0.000404
0.000066 0.000493
0.000007 0.000074
0.000015 0.000107
0.000003 0.000039
0.000003 0.000021
0.000002 0.000056
0.000002 0.000032
0.000001 0.000015
0.000002 0.000036
0.000004 0.000119
0.000001 0.000050
0.000004 0.000155
0.000005 0.000105
0.000012 0.000124
0.000009 0.000047
0.000002 0.000016
0.000001 0.000009
0.000000 0.000004
0.000001 0.000007
0.000001 0.000011
0.000002 0.000015
0.000003 0.000028
0.000005 0.000058
0.000012 0.000163
0.000032 0.000403
0.000073 0.000671
0.000284 0.001784
0.001360 0.004440
0.003310 0.009076
0.001196 0.004313
0.000575 0.002741
0.000617 0.003049
0.000932 0.004991
0.001036 0.004049
0.001940 0.007047
0.002694 0.013152
0.003166 0.019859
0.004270 0.031653
0.004755 0.030159
0.001694 0.013635
0.001286 0.017190
0.001273 0.012533
0.002853 0.016637
0.004179 0.018073
0.003851 0.012569
0.979061 0.934384
0.005861 0.006896
0.000100 0.001178
0.000092 0.000542
0.000022 0.000243
0.000082 0.000299
0.000028 0.000170
0.000041 0.000141
0.000014 0.000141
0.000016 0.000113
0.000007 0.000064
0.000007 0.000079
0.000017 0.000194
0.000007 0.000088
0.000012 0.000189
0.000006 0.000106
0.000008 0.000123
0.000006 0.000051
0.000007 0.000060
0.000003 0.000032
0.000003 0.000023
0.000003 0.000020
0.000005 0.000035
0.000003 0.000024
0.000002 0.000021
0.000001 0.000010
0.000001 0.000011
0.000001 0.000007
0.000001 0.000006
0.000001 0.000008
0.000001 0.000008
0.000001 0.000010
0.000002 0.000013
0.000002 0.000014
0.000002 0.000014
0.000002 0.000011
0.000002 0.000010
0.000003 0.000012
0.000003 0.000008
0.000007 0.000017
0.000007 0.000017
0.000008 0.000023
0.000006 0.000027
0.000014 0.000068
0.000019 0.000055
0.000012 0.000046
0.000012 0.000039
0.000006 0.000030
0.000083 0.000261
0.000013 0.000046
0.000145 0.000443
0.000141 0.000600
0.000020 0.000243
0.000008 0.000231
0.000015 0.000389
0.000057 0.001205
0.000323 0.004279
0.000352 0.003155
0.973813 0.908722
0.006166 0.007107
0.000295 0.001748
0.000371 0.001145
0.000115 0.001223
0.000498 0.003886
0.000423 0.004507
0.000140 0.001060
0.000217 0.001462
0.000279 0.001252
0.000288 0.001351
0.000409 0.001815
0.000794 0.004791
0.000286 0.004097
0.000071 0.002253
0.000064 0.001964
0.000067 0.001931
0.000054 0.000836
0.000060 0.000638
0.000114 0.001011
0.000177 0.001397
0.000186 0.001803
0.000107 0.001017
0.000082 0.000721
0.000106 0.000820
0.000069 0.000512
0.000067 0.000514
0.000082 0.000531
0.000115 0.000588
0.000188 0.001015
0.000075 0.000677
0.000020 0.000265
0.000020 0.000267
0.000031 0.000378
0.000056 0.000601
0.000108 0.000775
0.000193 0.001023
0.000488 0.001867
0.000694 0.002039
0.000608 0.001245
0.001006 0.001610
0.000840 0.001120
0.000310 0.000640
0.000109 0.000277
0.000168 0.000526
0.000216 0.000605
0.000346 0.001252
0.000316 0.001194
0.000164 0.001045
0.000122 0.000884
0.000020 0.000244
0.000027 0.000676
0.000084 0.000808
0.000023 0.000228
0.000040 0.001017
0.000063 0.000683
0.001470 0.004704
0.002008 0.003964
0.000760 0.003088
0.967226 0.841177
0.001407 0.001440
0.000046 0.000335
0.000160 0.000707
0.000015 0.000127
0.000138 0.001134
0.000029 0.000392
0.000560 0.001972
0.000236 0.002595
0.001264 0.005318
0.000110 0.001350
0.000165 0.000944
0.000329 0.002190
0.000231 0.000753
0.000740 0.002276
0.000340 0.001158
0.000472 0.001291
0.000128 0.000364
0.000172 0.000510
0.000090 0.000420
0.000040 0.000233
0.000042 0.000258
0.000062 0.000405
